40
1 ../../pdbdataEL_hNew/p2er7.pdbdata.Z.H
  336  324
   Np  RES        theta    Ca x    Ca y    Ca z    Ha x    Ha y    Ha z                      Vx                      Vy                      Vz
    2  THR
    2.42223235  17.033   1.119 -11.240  16.061   1.583 -11.407   0.515   0.578   0.633  -0.351  -0.532   0.771   0.782  -0.619  -0.071
    3  GLY
    2.36890770  16.479   0.011  -7.683  17.526  -0.262  -7.545  16.207   0.780  -6.961  -0.223  -0.719  -0.658  -0.250  -0.610   0.752  -0.942   0.332  -0.043
    4  SER
    2.19651340  15.290  -3.141  -5.992  14.253  -3.093  -6.324   0.070   0.822   0.566  -0.319  -0.519   0.793   0.945  -0.236   0.225
    5  ALA
    2.34421099  14.318  -3.482  -2.273  15.309  -3.688  -1.869  -0.109  -0.853  -0.510  -0.319  -0.455   0.831  -0.941   0.253  -0.223
    6  THR
    1.99257559  13.036  -6.343  -0.109  12.632  -6.942  -0.926  -0.502   0.856  -0.122  -0.726  -0.340   0.598   0.471   0.388   0.792
    7  THR
    2.05683323   9.733  -5.670   1.523  10.118  -4.933   2.227   0.620  -0.697   0.359  -0.656  -0.210   0.725  -0.430  -0.685  -0.588
    8  THR
    2.31398172   8.816  -7.722   4.585   8.721  -8.695   4.102  -0.767   0.513  -0.385  -0.601  -0.365   0.711   0.224   0.777   0.588
    9  PRO
    1.96419927   5.490  -8.217   6.509   4.912  -7.398   6.082   0.778   0.516   0.359  -0.513   0.191   0.837   0.363  -0.835   0.414
   10  ILE
    1.61813559   5.509  -6.531   9.896   6.590  -6.409   9.966  -0.332  -0.884  -0.329  -0.310  -0.227   0.923  -0.891   0.408  -0.198
   11  ASP
    2.47976354   3.774  -9.496  11.584   4.604  -9.803  12.221   0.202  -0.239  -0.950  -0.410  -0.901   0.140  -0.889   0.361  -0.280
   12  SER
    1.60201987   2.547 -13.040  10.913   3.367 -13.261  10.229  -0.395   0.909  -0.129  -0.832  -0.414  -0.370  -0.390  -0.039   0.920
   13  LEU
    1.66505940  -0.826 -11.742   9.540  -1.230 -12.731   9.325   0.946   0.153  -0.285  -0.319   0.593  -0.740   0.056   0.791   0.610
   14  ASP
    1.52175798   0.745  -9.622   6.647   1.800  -9.386   6.503  -0.605   0.172   0.777  -0.054   0.965  -0.255  -0.794  -0.196  -0.575
   15  ASP
    1.53177381  -1.077  -6.595   8.130  -2.096  -6.820   7.814   0.789  -0.145  -0.598   0.134   0.989  -0.063   0.600  -0.030   0.799
   16  ALA
    2.47885882   1.423  -4.398   6.336   0.931  -4.245   5.375   0.379  -0.922   0.084   0.829   0.297  -0.473   0.411   0.249   0.877
   17  TYR
    2.27833774   4.875  -4.469   4.740   5.268  -5.323   5.292  -0.109   0.673   0.732   0.949   0.289  -0.125  -0.296   0.681  -0.670
   18  ILE
    2.24020201   7.958  -2.413   5.467   7.473  -1.480   5.180  -0.067  -0.373  -0.925   0.875   0.424  -0.234   0.480  -0.825   0.298
   19  THR
    2.16295929  10.842  -1.578   3.133  11.258  -2.583   3.048   0.115   0.189   0.975   0.920   0.349  -0.176  -0.374   0.918  -0.134
   20  PRO
    2.00772891  14.155  -0.058   4.292  13.786   0.397   5.210  -0.623   0.478  -0.619   0.630   0.776  -0.035   0.463  -0.412  -0.785
   21  VAL
    2.20783461  14.899   3.383   2.926  15.490   3.069   2.065   0.721  -0.436   0.538   0.584   0.801  -0.134  -0.372   0.411   0.832
   22  GLN
    2.01863002  18.095   5.341   3.389  18.236   5.164   4.455  -0.901   0.429   0.065   0.433   0.882   0.186   0.022   0.196  -0.980
   23  ILE
    2.24815213  17.674   8.961   4.103  17.498   9.224   3.060   0.941  -0.304  -0.151   0.325   0.935   0.141   0.099  -0.181   0.978
   24  GLY
    2.35043553  20.339  11.675   4.337  20.216  12.614   3.797  20.208  11.849   5.404   0.390  -0.919  -0.053   0.921   0.388   0.044  -0.020  -0.066   0.998
   27  ALA
    2.09758335  22.474   7.442   5.329  21.784   8.205   4.970   0.144   0.428   0.892  -0.846  -0.414   0.335   0.512  -0.804   0.303
   28  GLN
    1.92724435  19.969   6.893   8.113  20.628   6.423   8.843   0.117  -0.603  -0.789  -0.725  -0.595   0.347  -0.679   0.532  -0.506
   29  THR
    2.05338970  17.955   3.720   7.483  17.697   4.016   6.466  -0.428   0.816   0.389  -0.876  -0.480   0.042   0.221  -0.323   0.920
   30  LEU
    2.22434819  14.284   3.765   8.382  14.465   3.508   9.425   0.325  -0.806  -0.494  -0.923  -0.385   0.021  -0.207   0.449  -0.869
   31  ASN
    1.88667633  11.681   1.091   7.622  12.187   0.724   6.728  -0.061   0.966  -0.250  -0.888  -0.167  -0.428  -0.455   0.196   0.869
   32  LEU
    2.28898978   8.789   2.748   5.734   8.374   3.163   6.652  -0.174  -0.945   0.276  -0.908   0.046  -0.416   0.380  -0.323  -0.866
   33  ASP
    1.83546597   5.382   1.425   4.732   5.594   0.356   4.687   0.692   0.409  -0.595  -0.603  -0.126  -0.788  -0.398   0.904   0.159
   34  PHE
    1.81250373   5.159   1.993   0.953   5.546   3.006   0.847  -0.710   0.146   0.689  -0.631   0.303  -0.715  -0.312  -0.942  -0.123
   35  ASP
    2.10005877   1.570   3.253   0.423   1.062   2.325   0.687   0.561  -0.252  -0.789  -0.756   0.234  -0.612   0.338   0.939  -0.059
   36  THR
    1.50814202   0.129   3.550  -3.108   0.874   4.285  -3.412  -0.298   0.216   0.930  -0.868   0.344  -0.359  -0.397  -0.914   0.085
   37  GLY
    1.64846342  -3.004   5.067  -1.440  -3.593   5.120  -2.356  -3.570   4.536  -0.675   0.930   0.342  -0.136  -0.246   0.852   0.463   0.274  -0.397   0.876
   38  SER
    2.43803674  -1.244   8.412  -0.476  -2.060   9.049  -0.817   0.383  -0.358  -0.852   0.621   0.782  -0.049   0.684  -0.510   0.521
   39  SER
    1.84887478   1.445  10.711  -1.755   1.983   9.922  -2.282  -0.169  -0.258   0.951   0.768   0.571   0.292  -0.618   0.780   0.102
   40  ASP
    2.18594409   3.456  11.892   1.417   3.951  12.719   0.908   0.424  -0.694  -0.581   0.795  -0.022   0.606  -0.434  -0.719   0.543
   41  LEU
    1.77406621   6.859  10.613   2.441   6.617   9.551   2.483  -0.718   0.408   0.564   0.577  -0.105   0.810   0.389   0.907  -0.160
   42  TRP
    2.30663808   6.837  11.280   6.162   7.524  12.120   6.060   0.697  -0.656  -0.290   0.303  -0.098   0.948  -0.650  -0.748   0.130
   43  VAL
    2.47985670   8.942   9.941   8.982   8.629   8.903   9.096  -0.741   0.553   0.382   0.337  -0.186   0.923   0.581   0.812  -0.048
   44  PHE
    1.83791412   9.238   9.955  12.771   8.461  10.561  13.235   0.539   0.532  -0.653   0.509   0.411   0.756   0.671  -0.740  -0.050
   45  SER
    2.56401705  12.042  12.444  13.557  12.852  11.848  13.135  -0.364  -0.306   0.880   0.655   0.587   0.475  -0.662   0.750  -0.013
   46  SER
    1.46768568  13.984  14.205  16.172  13.952  13.489  16.993  -0.850   0.133  -0.510  -0.159   0.858   0.489   0.503   0.496  -0.708
   47  GLU
    1.66691419  11.152  16.791  15.974  11.504  17.479  16.742   0.008  -0.972   0.234  -0.989   0.027   0.143  -0.145  -0.233  -0.962
   48  THR
    1.97379326   8.398  14.391  16.971   7.572  14.952  16.534   0.333   0.734   0.592  -0.652  -0.275   0.707   0.681  -0.621   0.387
   49  THR
    1.83833972   7.017  15.063  20.482   7.810  15.687  20.894   0.689  -0.676  -0.262   0.073  -0.295   0.953  -0.721  -0.676  -0.154
   50  ALA
    1.73467156   8.809  12.637  22.738   9.493  12.181  22.022  -0.978   0.169  -0.121  -0.206  -0.701   0.683   0.030   0.693   0.721
   51  SER
    1.53730411   5.809  11.021  24.418   6.347  10.271  24.998   0.318   0.122  -0.940  -0.807  -0.486  -0.336  -0.498   0.865  -0.056
   52  GLU
    1.65329132   4.540  10.065  20.943   3.724   9.437  21.300   0.843  -0.211   0.495   0.325  -0.534  -0.781   0.429   0.819  -0.382
   55  GLY
    1.77874967  10.203   2.019  19.602  11.031   1.849  20.290   9.599   1.114  19.531  -0.504   0.768  -0.394   0.527  -0.088  -0.845  -0.684  -0.634  -0.360
   56  GLN
    2.21215893  10.555   3.620  16.115  10.559   2.714  15.508   0.844  -0.132   0.520   0.525   0.399  -0.752  -0.108   0.908   0.406
   57  THR
    1.93910046  13.774   4.748  14.448  14.414   4.835  15.326  -0.739   0.614   0.277   0.521   0.782  -0.342  -0.427  -0.108  -0.898
   58  ILE
    2.29188870  13.820   8.517  13.972  12.885   8.554  13.414   0.487  -0.511  -0.709   0.233   0.858  -0.458   0.842   0.058   0.537
   59  TYR
    1.98774787  15.389  10.684  11.279  16.275  10.118  10.990   0.148   0.152   0.977   0.590   0.780  -0.210  -0.794   0.607   0.026
   60  THR
    1.92653057  17.538  13.436  12.612  16.673  13.899  13.086  -0.409  -0.014  -0.912   0.416   0.887  -0.200   0.812  -0.461  -0.357
   61  PRO
    1.68410617  17.934  16.078  10.100  18.127  15.349   9.312   0.463  -0.166   0.871   0.558   0.818  -0.141  -0.688   0.551   0.471
   62  SER
    1.54715167  20.665  17.960  11.888  20.741  18.726  11.116  -0.094  -0.908  -0.409   0.941  -0.214   0.260  -0.324  -0.361   0.875
   63  LYS
    1.61654438  22.942  14.880  11.460  23.843  15.329  11.878  -0.524   0.565  -0.637   0.316  -0.565  -0.762  -0.791  -0.601   0.118
   64  SER
    1.98149920  22.431  14.810   7.670  23.090  13.962   7.478   0.696   0.560   0.449   0.296   0.345  -0.890  -0.654   0.753   0.074
   65  THR
    1.59004343  24.822  17.074   5.775  24.820  17.914   6.468  -0.884  -0.417  -0.210   0.014   0.425  -0.905   0.467  -0.803  -0.370
   66  THR
    1.70706717  22.501  17.118   2.752  23.033  17.925   2.248  -0.177   0.184   0.967  -0.962   0.176  -0.209  -0.208  -0.967   0.146
   67  ALA
    2.06954672  19.282  18.087   4.582  18.572  17.646   3.881   0.425   0.627  -0.653  -0.726   0.667   0.168   0.541   0.403   0.738
   68  LYS
    2.20267317  17.736  21.478   3.864  18.384  22.026   4.547  -0.421  -0.544   0.726  -0.670   0.726   0.156  -0.612  -0.421  -0.670
   69  LEU
    1.92393179  14.745  23.000   5.639  14.241  22.143   6.085   0.065  -0.148  -0.987  -0.915   0.385  -0.118   0.398   0.911  -0.111
   70  LEU
    1.68225428  11.977  23.896   3.075  12.645  24.353   2.345   0.377   0.504   0.777  -0.620   0.760  -0.192  -0.688  -0.410   0.599
   71  SER
    2.04412450  11.180  27.303   4.491  11.373  27.032   5.529  -0.719  -0.670  -0.183  -0.687   0.648   0.328  -0.101   0.362  -0.927
   72  GLY
    1.68588354   7.588  28.063   5.180   7.235  28.615   6.050   7.568  28.712   4.304   0.454  -0.830  -0.324  -0.883  -0.467  -0.042  -0.117   0.305  -0.945
   73  ALA
    2.16032610   6.211  24.592   4.229   5.347  24.965   3.679  -0.228   0.367   0.902  -0.527  -0.825   0.202   0.818  -0.429   0.382
   74  THR
    2.34023994   4.032  22.479   6.524   4.887  22.107   7.089   0.028  -0.345  -0.938  -0.610  -0.749   0.258  -0.792   0.565  -0.231
   75  TRP
    2.42403791   1.926  19.329   6.032   1.325  19.729   5.215  -0.320   0.516   0.794  -0.709  -0.687   0.160   0.629  -0.512   0.586
   76  SER
    2.22390179  -1.000  17.587   7.650  -0.438  17.116   8.457   0.412  -0.462  -0.785  -0.662  -0.744   0.091  -0.626   0.483  -0.612
   77  ILE
    2.41983714  -2.556  14.291   6.642  -3.304  14.650   5.935  -0.446   0.366   0.817  -0.608  -0.794   0.023   0.657  -0.486   0.576
   78  SER
    2.20717478  -5.309  11.967   7.818  -4.657  11.477   8.541   0.615  -0.351  -0.706  -0.503  -0.864  -0.008  -0.607   0.360  -0.708
   79  TYR
    2.37712796  -5.960   8.452   6.588  -5.910   8.719   5.532  -0.843   0.458   0.283  -0.524  -0.818  -0.237   0.123  -0.348   0.929
   80  GLY
    1.63178156  -8.959   6.250   6.160  -9.703   7.004   5.903  -8.941   5.480   5.387   0.674   0.106   0.731  -0.466  -0.708   0.531   0.574  -0.698  -0.428
   81  ASP
    1.59463789  -8.494   4.568   9.531  -9.442   4.037   9.620  -0.127   0.946  -0.297   0.047   0.305   0.951   0.991   0.107  -0.083
   82  GLY
    1.66857499  -8.704   7.943  11.347  -9.237   8.808  10.953  -9.263   7.520  12.181   0.771  -0.597  -0.221   0.625   0.646   0.438  -0.118  -0.476   0.871
   83  SER
    2.12173145  -4.957   8.239  12.018  -5.105   8.494  13.067  -0.495   0.789  -0.364   0.848   0.530  -0.002   0.191  -0.310  -0.931
   84  SER
    2.56259675  -3.093  11.409  11.346  -3.152  11.355  10.258   0.648  -0.626   0.433   0.713   0.698  -0.058  -0.266   0.347   0.899
   85  SER
    2.41654376   0.192  13.264  11.602   0.184  13.362  12.687  -0.701   0.576  -0.420   0.663   0.743  -0.087   0.262  -0.339  -0.903
   86  SER
    2.45477729   1.615  16.709  10.721   1.509  16.627   9.639   0.721  -0.572   0.392   0.652   0.751  -0.104  -0.235   0.331   0.914
   87  GLY
    2.47835279   4.879  18.669  10.851   4.719  19.237  11.767   5.611  17.882  11.035  -0.316  -0.044  -0.948   0.797   0.529  -0.290   0.514  -0.847  -0.132
   88  ASP
    2.36950522   7.363  20.522   8.627   6.603  21.023   8.027  -0.115  -0.954  -0.277   0.656   0.137  -0.742   0.746  -0.267   0.610
   89  VAL
    2.45869681   9.500  19.642   5.632   9.427  18.565   5.784   0.582   0.109   0.806   0.806  -0.208  -0.554   0.107   0.972  -0.209
   90  TYR
    2.27022151  13.122  19.037   4.676  13.417  20.086   4.710  -0.658  -0.120  -0.743   0.746  -0.232  -0.624  -0.097  -0.965   0.242
   91  THR
    2.03737246  14.625  18.055   1.363  13.879  17.276   1.204   0.294  -0.425   0.856   0.650  -0.568  -0.505   0.701   0.705   0.109
   92  ASP
    2.50714918  17.306  15.378   1.434  18.176  16.030   1.357  -0.494  -0.076  -0.866   0.582  -0.769  -0.265  -0.645  -0.635   0.424
   93  THR
    1.94638655  18.821  12.517  -0.545  18.559  12.853  -1.548  -0.856  -0.062   0.513  -0.100  -0.954  -0.282   0.507  -0.292   0.811
   94  VAL
    2.16694752  16.696   9.414  -0.335  16.989   8.990   0.625   0.895  -0.074  -0.439  -0.164  -0.972  -0.170  -0.414   0.224  -0.882
   95  SER
    2.24289305  17.740   6.013  -1.689  17.641   6.284  -2.740  -0.960   0.086   0.265  -0.159  -0.950  -0.267   0.229  -0.299   0.927
   96  VAL
    2.06386688  15.609   2.898  -2.167  15.628   2.382  -1.207   0.992  -0.033  -0.124  -0.060  -0.974  -0.221  -0.114   0.226  -0.967
   97  GLY
    1.61318896  17.316  -0.281  -3.111  17.733  -0.979  -2.385  16.471  -0.747  -3.618   0.231   0.967  -0.106   0.855  -0.254  -0.452  -0.464   0.014  -0.886
   98  GLY
    1.66553200  20.271   1.568  -4.631  21.042   1.936  -3.954  20.668   0.737  -5.216  -0.988   0.136  -0.073   0.152   0.781  -0.606  -0.026  -0.610  -0.792
   99  LEU
    1.89357006  18.151   4.134  -6.539  18.816   4.260  -7.394   0.655   0.208   0.727  -0.210   0.974  -0.090  -0.726  -0.094   0.681
  100  THR
    2.23090142  18.964   7.622  -5.192  18.552   7.399  -4.208  -0.857  -0.086  -0.508  -0.183   0.973   0.143   0.482   0.216  -0.849
  101  VAL
    2.09839239  16.955  10.723  -5.544  17.153  11.076  -6.556   0.929   0.047   0.366  -0.090   0.991   0.101  -0.358  -0.127   0.925
  102  THR
    2.11677273  18.411  14.061  -4.524  18.673  13.696  -3.531  -0.986  -0.148   0.075  -0.113   0.929   0.352  -0.122   0.338  -0.933
  103  GLY
    1.65967949  16.177  16.891  -3.205  16.485  17.414  -2.300  16.198  17.581  -4.049  -0.126  -0.991  -0.053  -0.904   0.093   0.417  -0.408   0.101  -0.907
  104  GLN
    1.97674817  13.290  14.588  -2.162  12.623  14.650  -3.022   0.108   0.935   0.338  -0.830  -0.103   0.548   0.547  -0.340   0.765
  105  ALA
    1.90101963  10.876  16.219   0.290  11.527  16.941   0.782   0.589  -0.783   0.198  -0.358  -0.033   0.933  -0.724  -0.621  -0.300
  106  VAL
    1.92785143  11.068  14.392   3.601  10.376  13.552   3.539  -0.727   0.636  -0.259  -0.443  -0.146   0.885   0.525   0.758   0.388
  107  GLU
    1.91725884   8.174  15.296   5.754   8.366  16.368   5.729   0.930  -0.168   0.328  -0.298   0.179   0.938  -0.216  -0.969   0.116
  108  SER
    1.98675180   9.278  15.485   9.390   9.588  14.443   9.479  -0.927  -0.255  -0.277  -0.257  -0.107   0.960  -0.274   0.961   0.033
  109  ALA
    2.01937911   6.485  14.600  11.921   5.642  15.099  11.442   0.579   0.808   0.108  -0.488   0.238   0.840   0.653  -0.539   0.532
  110  LYS
    1.56334344   6.089  16.984  14.823   7.116  17.022  15.186  -0.481  -0.817  -0.319  -0.634   0.073   0.770  -0.605   0.573  -0.553
  111  LYS
    2.35634906   3.051  14.950  16.042   3.508  14.598  16.967   0.530  -0.484  -0.697  -0.634  -0.772   0.054  -0.564   0.413  -0.715
  112  VAL
    2.30450478   1.591  11.528  15.215   1.193  11.797  14.236  -0.575   0.552   0.604  -0.675  -0.737   0.031   0.463  -0.390   0.796
  113  SER
    2.18150178  -1.608   9.838  16.246  -1.898  10.536  17.031   0.848  -0.320   0.422  -0.517  -0.673   0.529   0.115  -0.667  -0.736
  114  SER
    1.63796176  -1.863   6.999  18.776  -1.013   7.140  19.443   0.022   0.024  -0.999  -0.071  -0.997  -0.026  -0.997   0.072  -0.020
  115  SER
    1.62038156  -2.003   4.331  16.147  -2.058   3.498  16.847   0.677   0.696   0.241   0.592  -0.320  -0.739  -0.437   0.643  -0.629
  116  PHE
    1.63011944   1.402   5.273  14.741   1.555   4.383  14.130  -0.348  -0.125   0.929   0.903   0.223   0.368  -0.253   0.967   0.035
  117  THR
    1.53585426   3.011   5.568  18.219   4.018   5.922  17.996  -0.516  -0.697  -0.497   0.068  -0.612   0.788  -0.854   0.373   0.363
  118  GLU
    1.62976361   1.748   1.960  18.959   2.239   1.788  19.917   0.500   0.409  -0.764   0.025  -0.888  -0.459  -0.866   0.210  -0.454
  119  ASP
    1.74508910   3.137   0.552  15.658   2.706  -0.437  15.813   0.459   0.163   0.873   0.857  -0.341  -0.387   0.234   0.926  -0.296
  120  SER
    1.65721449   6.777  -0.045  16.671   6.943   1.010  16.888  -0.504  -0.176  -0.846   0.829  -0.373  -0.416  -0.242  -0.911   0.334
  121  THR
    1.73735878   7.804  -1.542  13.336   8.792  -1.748  13.749  -0.407   0.889   0.211   0.010   0.235  -0.972  -0.914  -0.393  -0.105
  122  ILE
    2.04943424   6.824   1.357  11.007   7.393   0.995  10.150   0.813   0.052   0.580   0.196   0.914  -0.356  -0.549   0.403   0.732
  123  ASP
    1.68533464   9.060   4.422  10.996   8.879   4.647  12.047  -0.848  -0.207  -0.489   0.034   0.898  -0.439   0.530  -0.389  -0.754
  124  GLY
    2.46180786   7.016   6.441   8.518   6.238   7.008   9.028   7.812   7.117   8.204   0.113  -0.933  -0.343  -0.531   0.235  -0.814   0.840   0.274  -0.469
  125  LEU
    2.32873700   5.244   6.098   5.146   5.219   5.008   5.136   0.970   0.229  -0.084  -0.087   0.001  -0.996  -0.228   0.973   0.021
  126  LEU
    1.90545227   6.399   6.447   1.535   6.723   7.484   1.615  -0.922   0.194   0.335  -0.283   0.251  -0.926  -0.264  -0.948  -0.176
  127  GLY
    2.03151790   3.503   7.646  -0.586   2.828   6.851  -0.270   3.021   8.612  -0.437   0.699  -0.617  -0.362  -0.467  -0.010  -0.884   0.542   0.787  -0.295
  128  LEU
    1.78641473   3.393   6.368  -4.202   4.248   6.976  -4.499  -0.680   0.541   0.495  -0.584   0.008  -0.812  -0.443  -0.841   0.311
  129  ALA
    2.08272687  -0.066   7.724  -5.467  -0.348   6.962  -6.194   0.850   0.449  -0.276  -0.524   0.663  -0.535  -0.057   0.599   0.798
  130  PHE
    2.04247028  -0.153  10.770  -7.760   0.769  10.558  -8.303   0.440   0.034   0.898   0.243   0.958  -0.155  -0.865   0.286   0.413
  131  SER
    1.60424310   1.486  13.904  -6.497   1.748  13.479  -5.528  -0.934  -0.237  -0.266  -0.296   0.931   0.211   0.198   0.276  -0.941
  132  THR
    1.52776682  -1.810  15.832  -6.624  -1.500  16.875  -6.560   0.436  -0.645   0.628  -0.792   0.056   0.608  -0.427  -0.762  -0.486
  133  LEU
    1.62725406  -2.712  14.183  -3.248  -3.683  14.670  -3.162   0.778   0.545  -0.312   0.415  -0.073   0.907   0.471  -0.836  -0.282
  134  ASN
    1.90670543   0.541  15.433  -1.517   0.740  14.549  -0.912  -0.931   0.182   0.316   0.364   0.523   0.770  -0.025   0.832  -0.554
  135  THR
    1.76204355  -0.379  17.457   1.568  -1.239  17.798   0.992   0.791   0.087  -0.605   0.339   0.761   0.552   0.509  -0.642   0.573
  136  VAL
    1.99368346   2.531  19.900   1.724   2.561  20.008   2.808  -0.953   0.295  -0.069   0.295   0.955   0.004   0.067  -0.017  -0.998
  139  THR
    2.07978105   3.372  24.178  -2.746   2.543  24.324  -3.439  -0.577  -0.478   0.662   0.169  -0.863  -0.476   0.799  -0.163   0.579
  140  GLN
    2.06952399   2.812  20.415  -3.032   2.715  20.150  -1.979   0.925   0.380  -0.002   0.379  -0.921  -0.088  -0.035   0.081  -0.996
  141  GLN
    2.25141181   5.847  18.141  -3.324   6.440  18.799  -3.959  -0.734  -0.175  -0.657   0.534  -0.746  -0.398  -0.420  -0.643   0.640
  142  LYS
    2.11467346   6.478  15.301  -5.762   5.537  15.298  -6.311  -0.157  -0.207   0.966   0.103  -0.976  -0.193   0.982   0.069   0.174
  143  THR
    2.10149367   6.525  11.697  -4.602   6.431  11.853  -3.528   0.842   0.426  -0.332   0.496  -0.853   0.163  -0.213  -0.302  -0.929
  144  PHE
    1.54021845   9.787   9.667  -4.692  10.585  10.397  -4.555  -0.827   0.054  -0.559   0.366  -0.703  -0.610  -0.426  -0.709   0.562
  145  PHE
    1.63672250   8.486   7.939  -7.861   9.332   7.280  -8.056   0.124   0.959   0.253  -0.348   0.281  -0.894  -0.929   0.023   0.369
  146  ASP
    1.59006161   7.835  11.247  -9.704   7.475  10.872 -10.663   0.771  -0.375   0.515   0.519   0.838  -0.167  -0.370   0.396   0.841
  147  ASN
    1.61662905  11.238  12.504  -8.800  11.176  13.421  -9.386  -0.339  -0.855  -0.392   0.935  -0.352  -0.040  -0.104  -0.380   0.919
  148  ALA
    1.69469801  12.917   9.293  -9.936  13.949   9.594  -9.753  -0.677   0.586  -0.445  -0.008  -0.610  -0.792  -0.736  -0.533   0.418
  149  LYS
    1.65267431  11.190   9.029 -13.313  11.133   7.940 -13.337   0.831   0.468   0.302   0.148   0.337  -0.930  -0.537   0.817   0.211
  150  ALA
    1.58019322  13.809  11.234 -15.184  13.386  11.353 -16.182   0.041  -0.855   0.518   0.985  -0.051  -0.162   0.165   0.517   0.840
  151  SER
    1.74508384  16.628   8.768 -14.220  17.261   8.991 -15.079  -0.961  -0.174  -0.216   0.145  -0.979   0.144  -0.236   0.107   0.966
  152  LEU
    2.04838193  14.664   5.425 -14.330  15.259   4.821 -13.645   0.671   0.232  -0.704  -0.184  -0.868  -0.462  -0.718   0.440  -0.540
  153  ASP
    1.49494964  15.396   3.052 -17.236  16.104   3.629 -17.831  -0.808   0.377   0.454  -0.590  -0.507  -0.629  -0.007  -0.775   0.631
  154  SER
    2.21462091  11.594   2.791 -17.599  11.477   3.344 -18.531   0.342   0.690   0.637  -0.939   0.269   0.213  -0.025  -0.672   0.741
  155  PRO
    1.63709171   8.929   4.920 -15.757   9.628   5.300 -15.013   0.244  -0.969   0.035  -0.713  -0.155   0.684  -0.657  -0.192  -0.729
  156  VAL
    2.50418972   7.609   2.028 -13.804   6.550   2.217 -13.634   0.598   0.534   0.597  -0.175  -0.640   0.748   0.782  -0.552  -0.289
  157  PHE
    2.21252657   7.690   0.345 -10.373   8.664  -0.119 -10.534  -0.391  -0.532  -0.751  -0.172  -0.759   0.628  -0.904   0.375   0.205
  158  THR
    2.31217987   6.456  -3.089  -9.531   5.432  -2.918  -9.863  -0.048   0.644   0.764  -0.381  -0.718   0.582   0.923  -0.263   0.280
  159  ALA
    2.07699883   5.075  -4.581  -6.382   5.923  -4.380  -5.728   0.509  -0.566  -0.649  -0.128  -0.795   0.593  -0.851  -0.219  -0.477
  160  ASP
    1.81308971   5.639  -8.283  -5.691   4.805  -8.668  -6.278  -0.412   0.684   0.602  -0.134  -0.699   0.702   0.901   0.208   0.380
  161  LEU
    2.07081044   4.252  -8.781  -2.124   5.103  -8.334  -1.610   0.454  -0.751  -0.480  -0.149  -0.595   0.790  -0.879  -0.287  -0.382
  162  GLY
    2.28656420   4.635 -12.097  -0.516   4.452 -12.596  -1.468   5.576 -12.453  -0.096  -0.916   0.395   0.077  -0.304  -0.804   0.512   0.264   0.445   0.856
  163  TYR
    1.83915345   2.167 -14.233   1.357   1.509 -13.439   1.707   0.854   0.387   0.348  -0.174  -0.419   0.891   0.491  -0.822  -0.290
  164  HIS
    1.50428289   3.625 -14.612   4.894   3.563 -13.843   5.663   0.353   0.156  -0.922   0.932   0.023   0.361   0.077  -0.987  -0.138
  165  ALA
    2.41323093   7.062 -14.115   3.253   7.808 -14.440   3.978  -0.463   0.877   0.129   0.781   0.473  -0.408  -0.419  -0.089  -0.904
  166  PRO
    2.12349814   9.234 -11.215   1.962   8.763 -10.399   2.508  -0.741  -0.348  -0.575   0.233   0.669  -0.705   0.630  -0.657  -0.415
  167  GLY
    2.41400673   8.643  -9.654  -1.408   8.746 -10.553  -2.017   7.635  -9.255  -1.519   0.796   0.408   0.447   0.135   0.600  -0.789  -0.590   0.688   0.422
  168  THR
    2.45966523  10.192  -6.984  -3.596  10.901  -6.590  -2.868  -0.858   0.340   0.386   0.130   0.869  -0.477  -0.497  -0.359  -0.790
  169  TYR
    1.95510721   9.572  -3.464  -4.805   8.623  -3.678  -5.297   0.589  -0.657  -0.470   0.199   0.682  -0.703   0.783   0.321   0.533
  170  ASN
    2.21561628  11.457  -2.708  -8.029  12.441  -2.665  -7.562  -0.444   0.775   0.450   0.331   0.608  -0.721  -0.832  -0.172  -0.527
  171  PHE
    2.19524406  11.822   0.618  -9.689  10.752   0.781  -9.812   0.139  -0.811  -0.569   0.181   0.585  -0.790   0.974   0.007   0.228
  172  GLY
    1.78783303  12.662   1.186 -13.299  12.122   2.008 -13.767  13.660   1.521 -13.017  -0.222  -0.857   0.464   0.109  -0.495  -0.862   0.969  -0.141   0.203
  173  PHE
    2.47492096  12.450  -2.398 -14.781  12.268  -2.191 -15.836  -0.848   0.203   0.489  -0.352  -0.906  -0.234   0.396  -0.371   0.840
  174  ILE
    2.01263886  10.169  -5.354 -15.011   9.657  -5.187 -14.064   0.920  -0.063   0.387  -0.139  -0.975   0.172   0.366  -0.212  -0.906
  175  ASP
    1.80433635  11.595  -8.619 -13.669  12.540  -8.536 -14.206  -0.559   0.143  -0.817   0.036  -0.980  -0.196  -0.829  -0.139   0.542
  176  THR
    1.58860816  10.385 -11.205 -16.179   9.330 -10.943 -16.104   0.419  -0.046   0.907  -0.035  -0.999  -0.035   0.907  -0.017  -0.420
  177  THR
    1.58078039  11.424 -14.088 -13.814  11.101 -14.907 -14.457  -0.645   0.762   0.061  -0.261  -0.294   0.920   0.719   0.577   0.388
  178  ALA
    1.75905031   9.016 -12.853 -11.189   9.390 -13.505 -10.400  -0.185  -0.440  -0.879  -0.982   0.061   0.177  -0.024   0.896  -0.443
  179  TYR
    2.44393689   5.648 -13.750 -12.822   5.216 -14.101 -11.885   0.699  -0.661  -0.273  -0.677  -0.488  -0.551   0.230   0.570  -0.788
  180  THR
    2.23321584   4.144 -16.343 -15.137   5.083 -16.549 -15.652  -0.111   0.954  -0.279  -0.496  -0.296  -0.816  -0.861   0.048   0.506
  181  GLY
    2.01722489   2.217 -15.749 -18.471   2.253 -16.394 -19.350   1.192 -15.689 -18.107   0.404   0.750   0.523  -0.330   0.653  -0.682  -0.853   0.103   0.511
  182  SER
    2.35439497   1.980 -12.197 -19.583   3.038 -12.007 -19.399  -0.237  -0.117   0.964  -0.167   0.983   0.078  -0.957  -0.143  -0.253
  183  ILE
    2.03729580   1.058  -8.955 -17.924   0.809  -9.370 -16.947  -0.623  -0.462  -0.631  -0.672   0.729   0.130   0.400   0.505  -0.765
  184  THR
    1.98825644  -2.388  -7.505 -18.769  -2.207  -7.482 -19.844   0.782   0.568   0.257  -0.564   0.820  -0.096  -0.265  -0.070   0.962
  185  TYR
    2.18761764  -2.561  -3.753 -18.545  -2.205  -3.715 -17.516  -0.847  -0.509   0.153  -0.490   0.860   0.146  -0.206   0.049  -0.977
  186  THR
    2.31716973  -5.660  -1.759 -17.792  -6.101  -1.752 -18.789   0.779   0.561  -0.280  -0.559   0.824   0.096   0.285   0.082   0.955
  187  ALA
    2.11771626  -6.413   1.934 -17.884  -5.468   2.324 -18.262   0.325  -0.413   0.851  -0.047   0.892   0.450  -0.945  -0.186   0.270
  188  VAL
    2.17226280  -5.960   4.135 -14.787  -6.575   3.589 -14.072  -0.724   0.246  -0.645  -0.247   0.780   0.575   0.645   0.576  -0.503
  189  SER
    1.95057265  -8.050   7.161 -14.003  -8.018   7.610 -14.996   0.959  -0.103   0.263  -0.021   0.902   0.430  -0.282  -0.418   0.863
  190  THR
    1.64137490  -6.060   9.798 -12.075  -5.794   9.093 -11.288  -0.962  -0.070  -0.264  -0.185   0.877   0.443   0.201   0.475  -0.857
  191  LYS
    1.58603810  -9.129  12.102 -11.516  -8.818  13.000 -12.050   0.574  -0.561   0.596  -0.545   0.281   0.790  -0.611  -0.778  -0.145
  192  GLN
    1.65293276  -9.074  11.357  -7.736  -9.402  12.365  -7.486   0.725   0.092  -0.683   0.687  -0.178   0.705  -0.056  -0.980  -0.192
  193  GLY
    1.63497475  -5.264  11.096  -7.523  -4.636  11.506  -8.314  -5.213  11.742  -6.647  -0.737  -0.673   0.067   0.675  -0.725   0.139  -0.045   0.148   0.988
  194  PHE
    2.35892163  -5.308   7.349  -6.964  -4.480   7.336  -6.255   0.403   0.250  -0.881   0.154  -0.967  -0.204  -0.902  -0.053  -0.428
  195  TRP
    1.48863462  -4.178   4.295  -8.969  -3.877   4.731  -9.922  -0.859   0.470   0.202  -0.496  -0.668  -0.554  -0.125  -0.576   0.807
  196  GLU
    2.09632103  -7.894   3.885  -9.838  -8.133   3.224  -9.005   0.682  -0.590  -0.432  -0.725  -0.463  -0.510   0.101   0.661  -0.744
  197  TRP
    2.44157158  -9.002   1.202 -12.372  -8.947   1.826 -13.264  -0.760   0.234   0.606  -0.584  -0.656  -0.479   0.285  -0.718   0.635
  198  THR
    2.10864299 -12.067  -0.828 -13.289 -12.455  -0.702 -12.279   0.804  -0.461   0.376  -0.474  -0.878  -0.065   0.360  -0.126  -0.924
  199  SER
    1.97730540 -12.125  -4.573 -12.800 -11.181  -4.809 -13.292  -0.479   0.465  -0.744  -0.334  -0.881  -0.335  -0.812   0.088   0.578
  200  THR
    1.66247784 -14.218  -6.426 -15.458 -14.797  -5.565 -15.790   0.086  -0.114   0.990  -0.656  -0.754  -0.030   0.750  -0.647  -0.139
  201  GLY
    2.58374635 -15.881  -8.893 -12.946 -16.626  -8.280 -12.440 -16.369  -9.507 -13.704   0.978  -0.210   0.014  -0.164  -0.719   0.675  -0.132  -0.662  -0.738
  202  TYR
    2.56516607 -15.463 -11.710 -10.492 -14.391 -11.853 -10.629  -0.453  -0.387  -0.803  -0.018  -0.896   0.443  -0.891   0.216   0.399
  203  ALA
    2.31768472 -16.015 -15.363  -9.752 -17.101 -15.349  -9.836   0.136   0.558   0.818  -0.100  -0.814   0.572   0.986  -0.160  -0.055
  204  VAL
    2.06897118 -16.157 -17.353  -6.508 -15.340 -16.846  -5.995   0.487  -0.357  -0.797   0.246  -0.820   0.517  -0.838  -0.448  -0.311
  205  GLY
    1.97213383 -14.411 -20.720  -6.368 -13.407 -20.895  -5.981 -15.126 -21.324  -5.809  -0.594   0.283  -0.753   0.159  -0.877  -0.454  -0.789  -0.389   0.476
  206  SER
    1.61129600 -15.147 -22.882  -9.356 -14.285 -22.575  -9.949  -0.462   0.781   0.420  -0.715  -0.047  -0.698  -0.525  -0.623   0.580
  207  GLY
    2.29758710 -18.375 -20.922 -10.176 -18.991 -21.774 -10.465 -18.883 -20.354  -9.398   0.738   0.130  -0.663  -0.585   0.614  -0.530   0.338   0.778   0.529
  208  THR
    2.16671252 -19.260 -18.573 -13.067 -18.699 -19.061 -13.865   0.754   0.262   0.603   0.138   0.833  -0.535  -0.643   0.486   0.592
  209  PHE
    1.90044961 -17.461 -15.318 -13.789 -17.102 -15.031 -12.801  -0.976  -0.094   0.196  -0.114   0.989  -0.094  -0.185  -0.114  -0.976
  210  LYS
    1.99998473 -19.995 -12.440 -13.646 -20.730 -12.898 -14.309   0.826   0.035  -0.562  -0.254   0.914  -0.317   0.503   0.405   0.764
  211  SER
    1.84636454 -19.113  -9.452 -15.808 -18.040  -9.462 -15.618  -0.357   0.016   0.934   0.022   1.000  -0.008  -0.934   0.017  -0.357
  212  THR
    2.19166537 -19.854  -6.433 -13.724 -20.590  -6.051 -14.432   0.835   0.017  -0.549   0.207   0.916   0.344   0.509  -0.401   0.762
  213  SER
    2.01797546 -17.683  -3.279 -13.515 -16.816  -3.728 -14.001  -0.100  -0.630   0.770   0.606   0.575   0.549  -0.789   0.522   0.324
  214  ILE
    1.98269767 -15.914  -2.696 -10.146 -16.823  -2.303  -9.692   0.016   0.663  -0.749   0.560   0.615   0.556   0.829  -0.428  -0.361
  215  ASP
    1.89925299 -14.113   0.614  -9.938 -13.433   0.566 -10.789   0.176  -0.796   0.580   0.713   0.509   0.483  -0.679   0.328   0.657
  216  GLY
    2.48626710 -11.514   0.427  -7.156 -12.081   1.021  -6.441 -11.413  -0.592  -6.782   0.378   0.530  -0.759   0.849   0.128   0.513   0.370  -0.838  -0.402
  217  ILE
    2.27844492  -8.001   1.537  -6.239  -7.734   1.806  -7.261  -0.099  -0.981  -0.165   0.973  -0.130   0.190  -0.208  -0.142   0.968
  218  ALA
    1.83524800  -4.854  -0.437  -5.854  -5.238  -1.369  -5.440  -0.419   0.612   0.671   0.740  -0.197   0.643   0.526   0.766  -0.370
  219  ASP
    2.10260096  -3.596   0.376  -2.383  -3.028   1.246  -2.712   0.475  -0.684  -0.553   0.655  -0.144   0.742  -0.587  -0.715   0.380
  220  THR
    1.55176022  -0.541  -1.387  -0.981  -0.775  -2.447  -1.089  -0.679   0.642   0.355   0.457  -0.009   0.889   0.574   0.766  -0.288
  221  GLY
    1.66905962  -1.172   0.347   2.377  -0.381  -0.215   2.874  -0.989   1.414   2.496  -0.547  -0.641  -0.538  -0.718   0.030   0.695  -0.429   0.767  -0.477
  222  THR
    1.99631788  -4.648  -1.229   2.970  -4.724  -0.758   3.949   0.854  -0.490   0.174  -0.520  -0.802   0.295  -0.005  -0.342  -0.940
  223  THR
    1.81721316  -4.550  -4.830   4.282  -3.525  -5.064   3.994  -0.722   0.441  -0.534  -0.530  -0.848   0.018  -0.444   0.296   0.846
  224  LEU
    2.41874664  -7.797  -6.327   3.100  -7.363  -7.327   3.074   0.457   0.487  -0.745  -0.749  -0.241  -0.617  -0.480   0.839   0.255
  225  LEU
    1.92943746  -9.850  -6.529  -0.099  -9.296  -5.764  -0.644  -0.236   0.560   0.794  -0.820   0.324  -0.472  -0.521  -0.763   0.383
  226  TYR
    2.00314514 -12.956  -4.282   0.148 -13.536  -4.919   0.815   0.102  -0.704  -0.703  -0.895   0.244  -0.374   0.435   0.667  -0.605
  227  LEU
    2.37060390 -15.595  -4.937  -2.472 -15.214  -4.257  -3.235  -0.349   0.555   0.755  -0.896   0.038  -0.442  -0.274  -0.831   0.484
  228  PRO
    1.99445884 -19.299  -3.997  -2.958 -19.362  -3.079  -2.374   0.315  -0.605   0.731  -0.941  -0.101   0.322  -0.121  -0.790  -0.601
  229  ALA
    1.68927373 -21.641  -5.557  -0.437 -20.946  -5.886   0.336   0.098  -0.132  -0.986  -0.742  -0.670   0.016  -0.663   0.731  -0.164
  230  THR
    1.58621884 -23.514  -7.806  -2.892 -24.073  -8.389  -2.161   0.965   0.162   0.207   0.262  -0.666  -0.698   0.025   0.728  -0.685
  231  VAL
    1.61518364 -20.196  -9.193  -4.245 -20.460 -10.053  -4.862  -0.372   0.129   0.919   0.839  -0.377   0.392   0.397   0.917   0.032
  232  VAL
    1.58069472 -18.871  -9.888  -0.761 -17.982 -10.505  -0.892  -0.868  -0.164  -0.468  -0.368  -0.420   0.829  -0.333   0.892   0.305
  233  SER
    1.55846478 -22.197 -11.467   0.230 -22.030 -11.783   1.260   0.658  -0.134  -0.741  -0.575  -0.725  -0.380  -0.486   0.676  -0.554
  234  ALA
    1.55274285 -21.949 -13.791  -2.823 -22.854 -14.381  -2.679   0.588   0.220   0.779   0.690  -0.638  -0.340   0.422   0.738  -0.527
  235  TYR
    1.72364858 -18.479 -14.906  -1.605 -18.262 -15.661  -2.362  -0.871   0.063   0.486   0.442  -0.328   0.835   0.212   0.943   0.258
  236  TRP
    1.60008706 -19.362 -15.698   2.016 -18.500 -16.341   2.197  -0.441  -0.178  -0.880  -0.752  -0.462   0.470  -0.490   0.869   0.070
  237  ALA
    1.46863907 -22.591 -17.436   0.966 -23.250 -17.526   1.829   0.983  -0.184  -0.020  -0.175  -0.884  -0.433   0.062   0.430  -0.901
  238  GLN
    1.61191515 -20.201 -20.282  -0.227 -20.980 -21.001  -0.480  -0.157   0.450   0.879   0.698  -0.579   0.420   0.698   0.680  -0.223
  239  VAL
    1.95783194 -18.680 -20.692   3.281 -18.099 -21.566   2.985  -0.897  -0.355  -0.264  -0.126  -0.367   0.922  -0.424   0.860   0.284
  240  SER
    1.78139178 -20.944 -22.574   5.591 -21.804 -22.055   5.168   0.678   0.702   0.218  -0.230  -0.079   0.970   0.698  -0.708   0.108
  241  GLY
    1.68503208 -19.999 -21.122   8.993 -20.985 -21.368   9.385 -19.234 -21.589   9.614  -0.066   0.417  -0.907   0.273   0.881   0.385   0.960  -0.222  -0.172
  242  ALA
    2.08315570 -19.396 -17.600   7.804 -18.610 -17.349   8.516  -0.708  -0.189   0.680  -0.229   0.973   0.032  -0.668  -0.133  -0.732
  243  LYS
    2.39670652 -21.507 -14.767   9.217 -22.200 -14.775   8.375   0.842   0.345  -0.414  -0.266   0.934   0.237   0.468  -0.089   0.879
  244  SER
    1.91895674 -21.288 -11.028   9.481 -20.323 -10.834   9.011   0.173  -0.639   0.749   0.192   0.768   0.611  -0.966   0.039   0.255
  245  SER
    2.09101086 -20.303 -10.022  13.055 -21.230 -10.388  13.495  -0.474   0.652  -0.592   0.022   0.681   0.732   0.880   0.334  -0.337
  246  SER
    1.58632247 -21.129  -6.566  14.326 -20.813  -5.965  13.473   0.559  -0.757   0.339   0.243   0.540   0.806  -0.793  -0.368   0.485
  247  SER
    1.66761244 -18.982  -7.123  17.411 -19.075  -6.108  17.796   0.207  -0.031  -0.978   0.951  -0.226   0.209  -0.228  -0.974  -0.017
  248  VAL
    1.65614072 -15.788  -7.836  15.510 -14.942  -7.431  16.066  -0.799   0.564  -0.208   0.412   0.262  -0.873  -0.438  -0.783  -0.442
  249  GLY
    1.86204360 -16.700  -5.628  12.497 -17.676  -5.164  12.631 -15.920  -4.880  12.636   0.140  -0.990  -0.006  -0.191  -0.021  -0.981   0.971   0.139  -0.192
  250  GLY
    2.56204357 -16.967  -7.952   9.474 -17.669  -7.447   8.811 -15.950  -7.793   9.115  -0.098  -0.575   0.812  -0.102  -0.806  -0.583   0.990  -0.140   0.021
  251  TYR
    2.01784337 -17.447 -11.518   8.230 -18.440 -11.734   8.624   0.492   0.208   0.846   0.161  -0.976   0.146   0.856   0.064  -0.513
  252  VAL
    2.24737534 -15.964 -14.185  10.371 -14.937 -14.103  10.013  -0.439  -0.315  -0.841   0.231  -0.945   0.234  -0.868  -0.092   0.487
  253  PHE
    2.43323994 -15.895 -17.932   9.790 -16.938 -18.167   9.998   0.497   0.230   0.836   0.203  -0.968   0.146   0.843   0.097  -0.528
  254  PRO
    1.92139477 -14.503 -21.107  11.427 -14.321 -20.729  12.432   0.550   0.693  -0.465   0.828  -0.526   0.196  -0.109  -0.493  -0.863
  255  CYS
    1.54277902 -10.745 -21.235  11.025 -10.554 -20.462  10.281  -0.753  -0.653  -0.083   0.651  -0.720  -0.238   0.096  -0.234   0.968
  256  SER
    1.59133902 -11.067 -24.893  10.173 -10.003 -25.106  10.068  -0.282   0.850  -0.446  -0.396  -0.526  -0.753  -0.874  -0.036   0.484
  257  ALA
    2.10918638 -12.936 -24.040   6.863 -13.488 -24.973   6.746   0.939  -0.341  -0.037  -0.019   0.058  -0.998   0.343   0.938   0.048
  258  THR
    1.77145622 -11.246 -24.486   3.514 -10.292 -24.012   3.745  -0.556   0.762   0.332   0.124   0.470  -0.874  -0.822  -0.444  -0.356
  259  LEU
    2.18243186 -12.220 -21.262   1.737 -13.277 -21.268   2.002   0.058  -0.832  -0.552  -0.258   0.522  -0.813   0.964   0.190  -0.184
  260  PRO
    2.07901271 -12.995 -20.959  -2.003 -12.602 -21.917  -2.345   0.801   0.454   0.390   0.236   0.359  -0.903  -0.550   0.815   0.180
  261  SER
    2.10631855 -10.710 -18.936  -4.182 -10.019 -18.565  -3.425  -0.898   0.364   0.248   0.190   0.828  -0.527  -0.398  -0.426  -0.813
  262  PHE
    2.12341734 -11.771 -15.513  -5.457 -12.786 -15.811  -5.720   0.463  -0.630  -0.623  -0.061   0.679  -0.732   0.884   0.377   0.276
  263  THR
    2.19782935 -11.115 -14.428  -9.036 -10.046 -14.585  -8.892  -0.224   0.718   0.659   0.080   0.687  -0.722  -0.971  -0.109  -0.211
  264  PHE
    2.22413075 -11.232 -10.860 -10.342 -12.314 -10.898 -10.463   0.096  -0.720  -0.687   0.013   0.691  -0.723   0.995   0.060   0.075
  265  GLY
    2.21917616 -11.029  -9.727 -13.928 -10.475 -10.614 -14.238 -11.900  -9.601 -14.572   0.717   0.331   0.613   0.417   0.501  -0.759  -0.558   0.800   0.221
  266  VAL
    1.82275814  -8.399  -7.464 -15.473  -8.836  -6.551 -15.069  -0.838  -0.344  -0.424   0.227   0.487  -0.843   0.497  -0.803  -0.330
  267  GLY
    1.79737662  -9.658  -6.807 -18.963 -10.493  -6.144 -19.185  -8.823  -6.572 -19.624   0.234  -0.875   0.423  -0.241  -0.474  -0.847   0.942   0.097  -0.322
  268  SER
    1.64904783  -9.820 -10.306 -20.490 -10.870 -10.487 -20.263   0.495   0.377   0.783   0.400  -0.899   0.180   0.772   0.224  -0.595
  269  ALA
    2.22256755  -7.422 -11.847 -17.959  -7.319 -12.829 -18.422  -0.969  -0.009   0.245   0.222  -0.456   0.862   0.104   0.890   0.444
  270  ARG
    2.23752573  -8.309 -13.431 -14.573  -9.057 -12.710 -14.246   0.821   0.570  -0.014   0.142  -0.182   0.973   0.552  -0.801  -0.230
  271  ILE
    2.01792590  -6.469 -13.107 -11.287  -5.704 -13.873 -11.420  -0.613  -0.766  -0.194   0.189  -0.381   0.905  -0.767   0.518   0.378
  272  VAL
    2.11371242  -7.090 -15.830  -8.816  -8.132 -15.522  -8.733   0.264   0.908   0.325  -0.042  -0.326   0.944   0.964  -0.263  -0.048
  273  ILE
    1.90285715  -6.735 -15.210  -5.071  -5.668 -14.989  -5.080   0.038  -0.894  -0.447   0.142  -0.438   0.888  -0.989  -0.097   0.110
  274  PRO
    2.01290696  -6.208 -18.562  -3.295  -6.787 -19.202  -3.962  -0.737   0.628   0.250  -0.304  -0.638   0.707   0.604   0.445   0.661
  275  GLY
