40
1 ../../pdbdataEL_hNew/p2er7.pdbdata.Z.H
  336  274
   Np  RES        theta    Ca x    Ca y    Ca z    Qb x    Qb y    Qb z                      Vx                      Vy                      Vz
    2  THR    2.42223235  17.033   1.119 -11.240  16.221  -0.866 -11.350  -0.515  -0.578  -0.633  -0.351  -0.532   0.771  -0.782   0.619   0.071
    4  SER    2.19651340  15.290  -3.141  -5.992  16.455  -4.383  -7.008  -0.070  -0.822  -0.566  -0.319  -0.519   0.793  -0.945   0.236  -0.225
    5  ALA    2.34421099  14.318  -3.482  -2.273  13.711  -1.825  -1.576   0.109   0.853   0.510  -0.319  -0.455   0.831   0.941  -0.253   0.223
    6  THR    1.99257559  13.036  -6.343  -0.109  14.470  -6.622   1.494   0.502  -0.856   0.122  -0.726  -0.340   0.598  -0.471  -0.388  -0.792
    7  THR    2.05683323   9.733  -5.670   1.523   8.984  -4.309   0.072  -0.620   0.697  -0.359  -0.656  -0.210   0.725   0.430   0.685   0.588
    8  THR    2.31398172   8.816  -7.722   4.585  10.066  -6.799   6.039   0.767  -0.513   0.385  -0.601  -0.365   0.711  -0.224  -0.777  -0.588
   10  ILE    1.61813559   5.509  -6.531   9.896   5.096  -4.923  11.234   0.332   0.884   0.329  -0.310  -0.227   0.923   0.891  -0.408   0.198
   11  ASP    2.47976354   3.774  -9.496  11.584   2.701  -8.950  13.099  -0.202   0.239   0.950  -0.410  -0.901   0.140   0.889  -0.361   0.280
   12  SER    1.60201987   2.547 -13.040  10.913   2.919 -14.596  12.091   0.395  -0.909   0.129  -0.832  -0.414  -0.370   0.390   0.039  -0.920
   13  LEU    1.66505940  -0.826 -11.742   9.540  -1.869 -10.367  10.267  -0.946  -0.153   0.285  -0.319   0.593  -0.740  -0.056  -0.791  -0.610
   14  ASP    1.52175798   0.745  -9.622   6.647  -0.310 -10.188   5.061   0.605  -0.172  -0.777  -0.054   0.965  -0.255   0.794   0.196   0.575
   15  ASP    1.53177381  -1.077  -6.595   8.130  -0.755  -5.657   9.855  -0.789   0.145   0.598   0.134   0.989  -0.063  -0.600   0.030  -0.799
   16  ALA    2.47885882   1.423  -4.398   6.336   1.414  -2.753   7.294  -0.379   0.922  -0.084   0.829   0.297  -0.473  -0.411  -0.249  -0.877
   17  TYR    2.27833774   4.875  -4.469   4.740   5.133  -4.489   2.782   0.109  -0.673  -0.732   0.949   0.289  -0.125   0.296  -0.681   0.670
   18  ILE    2.24020201   7.958  -2.413   5.467   9.438  -1.780   6.870   0.067   0.373   0.925   0.875   0.424  -0.234  -0.480   0.825  -0.298
   19  THR    2.16295929  10.842  -1.578   3.133  10.134  -0.067   1.814  -0.115  -0.189  -0.975   0.920   0.349  -0.176   0.374  -0.918   0.134
   21  VAL    2.20783461  14.899   3.383   2.926  13.780   4.272   1.338  -0.721   0.436  -0.538   0.584   0.801  -0.134   0.372  -0.411  -0.832
   22  GLN    2.01863002  18.095   5.341   3.389  19.598   5.239   2.175   0.901  -0.429  -0.065   0.433   0.882   0.186  -0.022  -0.196   0.980
   23  ILE    2.24815213  17.674   8.961   4.103  16.659   9.075   5.975  -0.941   0.304   0.151   0.325   0.935   0.141  -0.099   0.181  -0.978
   27  ALA    2.09758335  22.474   7.442   5.329  22.415   5.971   4.146  -0.144  -0.428  -0.892  -0.846  -0.414   0.335  -0.512   0.804  -0.303
   28  GLN    1.92724435  19.969   6.893   8.113  18.667   8.150   8.792  -0.117   0.603   0.789  -0.725  -0.595   0.347   0.679  -0.532   0.506
   29  THR    2.05338970  17.955   3.720   7.483  19.037   2.109   8.427   0.428  -0.816  -0.389  -0.876  -0.480   0.042  -0.221   0.323  -0.920
   30  LEU    2.22434819  14.284   3.765   8.382  13.189   5.245   7.838  -0.325   0.806   0.494  -0.923  -0.385   0.021   0.207  -0.449   0.869
   31  ASN    1.88667633  11.681   1.091   7.622  10.950  -0.216   8.925   0.061  -0.966   0.250  -0.888  -0.167  -0.428   0.455  -0.196  -0.869
   32  LEU    2.28898978   8.789   2.748   5.734   8.860   3.840   4.181   0.174   0.945  -0.276  -0.908   0.046  -0.416  -0.380   0.323   0.866
   33  ASP    1.83546597   5.382   1.425   4.732   4.144   2.043   6.078  -0.692  -0.409   0.595  -0.603  -0.126  -0.788   0.398  -0.904  -0.159
   34  PHE    1.81250373   5.159   1.993   0.953   5.585   0.661  -0.497   0.710  -0.146  -0.689  -0.631   0.303  -0.715   0.312   0.942   0.123
   35  ASP    2.10005877   1.570   3.253   0.423   1.712   4.649   1.825  -0.561   0.252   0.789  -0.756   0.234  -0.612  -0.338  -0.939   0.059
   36  THR    1.50814202   0.129   3.550  -3.108  -0.282   2.943  -5.116   0.298  -0.216  -0.930  -0.868   0.344  -0.359   0.397   0.914  -0.085
   38  SER    2.43803674  -1.244   8.412  -0.476  -1.599   8.766   1.412  -0.383   0.358   0.852   0.621   0.782  -0.049  -0.684   0.510  -0.521
   39  SER    1.84887478   1.445  10.711  -1.755   0.931  12.297  -2.877   0.169   0.258  -0.951   0.768   0.571   0.292   0.618  -0.780  -0.102
   40  ASP    2.18594409   3.456  11.892   1.417   2.814  12.206   3.253  -0.424   0.694   0.581   0.795  -0.022   0.606   0.434   0.719  -0.543
   41  LEU    1.77406621   6.859  10.613   2.441   8.107  11.193   1.119   0.718  -0.408  -0.564   0.577  -0.105   0.810  -0.389  -0.907   0.160
   42  TRP    2.30663808   6.837  11.280   6.162   5.413  12.406   6.679  -0.697   0.656   0.290   0.303  -0.098   0.948   0.650   0.748  -0.130
   43  VAL    2.47985670   8.942   9.941   8.982  10.950   9.425   9.367   0.741  -0.553  -0.382   0.337  -0.186   0.923  -0.581  -0.812   0.048
   44  PHE    1.83791412   9.238   9.955  12.771   9.907   8.328  13.700  -0.539  -0.532   0.653   0.509   0.411   0.756  -0.671   0.740   0.050
   45  SER    2.56401705  12.042  12.444  13.557  12.166  13.773  12.164   0.364   0.306  -0.880   0.655   0.587   0.475   0.662  -0.750   0.013
   46  SER    1.46768568  13.984  14.205  16.172  15.875  14.587  16.436   0.850  -0.133   0.510  -0.159   0.858   0.489  -0.503  -0.496   0.708
   47  GLU    1.66691419  11.152  16.791  15.974  10.317  17.672  14.474  -0.008   0.972  -0.234  -0.989   0.027   0.143   0.145   0.233   0.962
   48  THR    1.97379326   8.398  14.391  16.971   8.984  12.342  17.125  -0.333  -0.734  -0.592  -0.652  -0.275   0.707  -0.681   0.621  -0.387
   49  THR    1.83833972   7.017  15.063  20.482   5.825  16.272  21.777  -0.689   0.676   0.262   0.073  -0.295   0.953   0.721   0.676   0.154
   50  ALA    1.73467156   8.809  12.637  22.738   9.798  13.202  24.240   0.978  -0.169   0.121  -0.206  -0.701   0.683  -0.030  -0.693  -0.721
   51  SER    1.53730411   5.809  11.021  24.418   4.764  11.627  25.953  -0.318  -0.122   0.940  -0.807  -0.486  -0.336   0.498  -0.865   0.056
   52  GLU    1.65329132   4.540  10.065  20.943   4.204  11.357  19.530  -0.843   0.211  -0.495   0.325  -0.534  -0.781  -0.429  -0.819   0.382
   56  GLN    2.21215893  10.555   3.620  16.115   9.753   5.189  15.319  -0.844   0.132  -0.520   0.525   0.399  -0.752   0.108  -0.908  -0.406
   57  THR    1.93910046  13.774   4.748  14.448  13.824   3.772  12.548   0.739  -0.614  -0.277   0.521   0.782  -0.342   0.427   0.108   0.898
   58  ILE    2.29188870  13.820   8.517  13.972  13.506  10.434  14.843  -0.487   0.511   0.709   0.233   0.858  -0.458  -0.842  -0.058  -0.537
   59  TYR    1.98774787  15.389  10.684  11.279  14.069  10.723   9.934  -0.148  -0.152  -0.977   0.590   0.780  -0.210   0.794  -0.607  -0.026
   60  THR    1.92653057  17.538  13.436  12.612  19.423  12.586  13.257   0.409   0.014   0.912   0.416   0.887  -0.200  -0.812   0.461   0.357
   62  SER    1.54715167  20.665  17.960  11.888  20.637  19.261  13.300   0.094   0.908   0.409   0.941  -0.214   0.260   0.324   0.361  -0.875
   63  LYS    1.61654438  22.942  14.880  11.460  22.428  13.076  11.910   0.524  -0.565   0.637   0.316  -0.565  -0.762   0.791   0.601  -0.118
   64  SER    1.98149920  22.431  14.810   7.670  20.527  14.442   7.383  -0.696  -0.560  -0.449   0.296   0.345  -0.890   0.654  -0.753  -0.074
   65  THR    1.59004343  24.822  17.074   5.775  26.709  17.649   4.958   0.884   0.417   0.210   0.014   0.425  -0.905  -0.467   0.803   0.370
   66  THR    1.70706717  22.501  17.118   2.752  21.596  16.060   1.139   0.177  -0.184  -0.967  -0.962   0.176  -0.209   0.208   0.967  -0.146
   67  ALA    2.06954672  19.282  18.087   4.582  18.813  17.553   6.334  -0.425  -0.627   0.653  -0.726   0.667   0.168  -0.541  -0.403  -0.738
   68  LYS    2.20267317  17.736  21.478   3.864  17.460  22.277   2.125   0.421   0.544  -0.726  -0.670   0.726   0.156   0.612   0.421   0.670
   69  LEU    1.92393179  14.745  23.000   5.639  15.296  24.556   6.599  -0.065   0.148   0.987  -0.915   0.385  -0.118  -0.398  -0.911   0.111
   70  LEU    1.68225428  11.977  23.896   3.075  11.004  22.355   2.604  -0.377  -0.504  -0.777  -0.620   0.760  -0.192   0.688   0.410  -0.599
   71  SER    2.04412450  11.180  27.303   4.491  11.664  29.152   4.244   0.719   0.670   0.183  -0.687   0.648   0.328   0.101  -0.362   0.927
   73  ALA    2.16032610   6.211  24.592   4.229   7.223  23.457   3.077   0.228  -0.367  -0.902  -0.527  -0.825   0.202  -0.818   0.429  -0.382
   74  THR    2.34023994   4.032  22.479   6.524   2.679  22.603   8.167  -0.028   0.345   0.938  -0.610  -0.749   0.258   0.792  -0.565   0.231
   75  TRP    2.42403791   1.926  19.329   6.032   2.785  17.992   4.894   0.320  -0.516  -0.794  -0.709  -0.687   0.160  -0.629   0.512  -0.586
   76  SER    2.22390179  -1.000  17.587   7.650  -1.881  19.249   8.169  -0.412   0.462   0.785  -0.662  -0.744   0.091   0.626  -0.483   0.612
   77  ILE    2.41983714  -2.556  14.291   6.642  -0.928  14.069   5.313   0.446  -0.366  -0.817  -0.608  -0.794   0.023  -0.657   0.486  -0.576
   78  SER    2.20717478  -5.309  11.967   7.818  -6.668  12.389   9.134  -0.615   0.351   0.706  -0.503  -0.864  -0.008   0.607  -0.360   0.708
   79  TYR    2.37712796  -5.960   8.452   6.588  -5.024   6.859   7.129   0.843  -0.458  -0.283  -0.524  -0.818  -0.237  -0.123   0.348  -0.929
   81  ASP    1.59463789  -8.494   4.568   9.531  -7.399   2.970   9.825   0.127  -0.946   0.297   0.047   0.305   0.951  -0.991  -0.107   0.083
   83  SER    2.12173145  -4.957   8.239  12.018  -3.655   6.828  12.412   0.495  -0.789   0.364   0.848   0.530  -0.002  -0.191   0.310   0.931
   84  SER    2.56259675  -3.093  11.409  11.346  -4.370  12.845  11.424  -0.648   0.626  -0.433   0.713   0.698  -0.058   0.266  -0.347  -0.899
   85  SER    2.41654376   0.192  13.264  11.602   1.757  12.077  11.589   0.701  -0.576   0.420   0.663   0.743  -0.087  -0.262   0.339   0.903
   86  SER    2.45477729   1.615  16.709  10.721   0.274  18.082  10.846  -0.721   0.572  -0.392   0.652   0.751  -0.104   0.235  -0.331  -0.914
   88  ASP    2.36950522   7.363  20.522   8.627   8.112  22.191   9.250   0.115   0.954   0.277   0.656   0.137  -0.742  -0.746   0.267  -0.610
   89  VAL    2.45869681   9.500  19.642   5.632   8.822  21.074   4.134  -0.582  -0.109  -0.806   0.806  -0.208  -0.554  -0.107  -0.972   0.209
   90  TYR    2.27022151  13.122  19.037   4.676  14.350  17.712   5.413   0.658   0.120   0.743   0.746  -0.232  -0.624   0.097   0.965  -0.242
   91  THR    2.03737246  14.625  18.055   1.363  15.040  18.215  -0.708  -0.294   0.425  -0.856   0.650  -0.568  -0.505  -0.701  -0.705  -0.109
   92  ASP    2.50714918  17.306  15.378   1.434  16.688  14.663   3.117   0.494   0.076   0.866   0.582  -0.769  -0.265   0.645   0.635  -0.424
   93  THR    1.94638655  18.821  12.517  -0.545  20.623  11.890   0.494   0.856   0.062  -0.513  -0.100  -0.954  -0.282  -0.507   0.292  -0.811
   94  VAL    2.16694752  16.696   9.414  -0.335  14.903  10.188  -1.241  -0.895   0.074   0.439  -0.164  -0.972  -0.170   0.414  -0.224   0.882
   95  SER    2.24289305  17.740   6.013  -1.689  19.363   5.014  -1.199   0.960  -0.086  -0.265  -0.159  -0.950  -0.267  -0.229   0.299  -0.927
   96  VAL    2.06386688  15.609   2.898  -2.167  14.057   3.535  -3.593  -0.992   0.033   0.124  -0.060  -0.974  -0.221   0.114  -0.226   0.967
   99  LEU    1.89357006  18.151   4.134  -6.539  16.484   3.235  -6.986  -0.655  -0.208  -0.727  -0.210   0.974  -0.090   0.726   0.094  -0.681
  100  THR    2.23090142  18.964   7.622  -5.192  20.864   8.163  -6.020   0.857   0.086   0.508  -0.183   0.973   0.143  -0.482  -0.216   0.849
  101  VAL    2.09839239  16.955  10.723  -5.544  15.269  10.045  -4.434  -0.929  -0.047  -0.366  -0.090   0.991   0.101   0.358   0.127  -0.925
  102  THR    2.11677273  18.411  14.061  -4.524  19.971  15.551  -4.475   0.986   0.148  -0.075  -0.113   0.929   0.352   0.122  -0.338   0.933
  104  GLN    1.97674817  13.290  14.588  -2.162  14.044  12.764  -1.840  -0.108  -0.935  -0.338  -0.830  -0.103   0.548  -0.547   0.340  -0.765
  105  ALA    1.90101963  10.876  16.219   0.290   9.240  17.078  -0.151  -0.589   0.783  -0.198  -0.358  -0.033   0.933   0.724   0.621   0.300
  106  VAL    1.92785143  11.068  14.392   3.601  13.059  14.740   4.267   0.727  -0.636   0.259  -0.443  -0.146   0.885  -0.525  -0.758  -0.388
  107  GLU    1.91725884   8.174  15.296   5.754   6.248  14.782   5.687  -0.930   0.168  -0.328  -0.298   0.179   0.938   0.216   0.969  -0.116
  108  SER    1.98675180   9.278  15.485   9.390  10.780  16.740   9.352   0.927   0.255   0.277  -0.257  -0.107   0.960   0.274  -0.961  -0.033
  109  ALA    2.01937911   6.485  14.600  11.921   5.994  12.808  12.297  -0.579  -0.808  -0.108  -0.488   0.238   0.840  -0.653   0.539  -0.532
  110  LYS    1.56334344   6.089  16.984  14.823   5.002  18.709  14.857   0.481   0.817   0.319  -0.634   0.073   0.770   0.605  -0.573   0.553
  111  LYS    2.35634906   3.051  14.950  16.042   1.269  15.703  16.253  -0.530   0.484   0.697  -0.634  -0.772   0.054   0.564  -0.413   0.715
  112  VAL    2.30450478   1.591  11.528  15.215   2.110   9.537  14.558   0.575  -0.552  -0.604  -0.675  -0.737   0.031  -0.463   0.390  -0.796
  113  SER    2.18150178  -1.608   9.838  16.246  -3.330   9.953  15.361  -0.848   0.320  -0.422  -0.517  -0.673   0.529  -0.115   0.667   0.736
  114  SER    1.63796176  -1.863   6.999  18.776  -3.548   6.376  19.599  -0.022  -0.024   0.999  -0.071  -0.997  -0.026   0.997  -0.072   0.020
  115  SER    1.62038156  -2.003   4.331  16.147  -2.871   3.962  14.449  -0.677  -0.696  -0.241   0.592  -0.320  -0.739   0.437  -0.643   0.629
  116  PHE    1.63011944   1.402   5.273  14.741   2.098   6.974  14.070   0.348   0.125  -0.929   0.903   0.223   0.368   0.253  -0.967  -0.035
  117  THR    1.53585426   3.011   5.568  18.219   1.382   6.170  19.476   0.516   0.697   0.497   0.068  -0.612   0.788   0.854  -0.373  -0.363
  118  GLU    1.62976361   1.748   1.960  18.959  -0.117   1.250  18.757  -0.500  -0.409   0.764   0.025  -0.888  -0.459   0.866  -0.210   0.454
  119  ASP    1.74508910   3.137   0.552  15.658   3.167   1.316  13.929  -0.459  -0.163  -0.873   0.857  -0.341  -0.387  -0.234  -0.926   0.296
  120  SER    1.65721449   6.777  -0.045  16.671   7.554  -0.663  18.381   0.504   0.176   0.846   0.829  -0.373  -0.416   0.242   0.911  -0.334
  121  THR    1.73735878   7.804  -1.542  13.336   7.607  -3.123  11.840   0.407  -0.889  -0.211   0.010   0.235  -0.972   0.914   0.393   0.105
  122  ILE    2.04943424   6.824   1.357  11.007   4.802   1.586  11.563  -0.813  -0.052  -0.580   0.196   0.914  -0.356   0.549  -0.403  -0.732
  123  ASP    1.68533464   9.060   4.422  10.996  10.873   4.694  10.367   0.848   0.207   0.489   0.034   0.898  -0.439  -0.530   0.389   0.754
  125  LEU    2.32873700   5.244   6.098   5.146   3.673   7.242   5.107  -0.970  -0.229   0.084  -0.087   0.001  -0.996   0.228  -0.973  -0.021
  126  LEU    1.90545227   6.399   6.447   1.535   7.763   5.100   1.433   0.922  -0.194  -0.335  -0.283   0.251  -0.926   0.264   0.948   0.176
  128  LEU    1.78641473   3.393   6.368  -4.202   3.475   4.418  -4.610   0.680  -0.541  -0.495  -0.584   0.008  -0.812   0.443   0.841  -0.311
  129  ALA    2.08272687  -0.066   7.724  -5.467  -1.551   8.099  -4.387  -0.850  -0.449   0.276  -0.524   0.663  -0.535   0.057  -0.599  -0.798
  130  PHE    2.04247028  -0.153  10.770  -7.760  -1.720  11.484  -8.859  -0.440  -0.034  -0.898   0.243   0.958  -0.155   0.865  -0.286  -0.413
  131  SER    1.60424310   1.486  13.904  -6.497   2.792  15.146  -7.290   0.934   0.237   0.266  -0.296   0.931   0.211  -0.198  -0.276   0.941
  132  THR    1.52776682  -1.810  15.832  -6.624  -2.453  15.861  -8.690  -0.436   0.645  -0.628  -0.792   0.056   0.608   0.427   0.762   0.486
  133  LEU    1.62725406  -2.712  14.183  -3.248  -2.528  12.293  -2.715  -0.778  -0.545   0.312   0.415  -0.073   0.907  -0.471   0.836   0.282
  134  ASN    1.90670543   0.541  15.433  -1.517   1.921  15.802  -2.853   0.931  -0.182  -0.316   0.364   0.523   0.770   0.025  -0.832   0.554
  135  THR    1.76204355  -0.379  17.457   1.568  -1.508  17.571   3.373  -0.791  -0.087   0.605   0.339   0.761   0.552  -0.509   0.642  -0.573
  136  VAL    1.99368346   2.531  19.900   1.724   3.904  19.513   0.141   0.953  -0.295   0.069   0.295   0.955   0.004  -0.067   0.017   0.998
  139  THR    2.07978105   3.372  24.178  -2.746   5.423  24.758  -2.618   0.577   0.478  -0.662   0.169  -0.863  -0.476  -0.799   0.163  -0.579
  140  GLN    2.06952399   2.812  20.415  -3.032   1.798  19.402  -4.319  -0.925  -0.380   0.002   0.379  -0.921  -0.088   0.035  -0.081   0.996
  141  GLN    2.25141181   5.847  18.141  -3.324   6.819  17.280  -1.883   0.734   0.175   0.657   0.534  -0.746  -0.398   0.420   0.643  -0.640
  142  LYS    2.11467346   6.478  15.301  -5.762   8.224  15.082  -6.768   0.157   0.207  -0.966   0.103  -0.976  -0.193  -0.982  -0.069  -0.174
  143  THR    2.10149367   6.525  11.697  -4.602   5.840   9.689  -4.431  -0.842  -0.426   0.332   0.496  -0.853   0.163   0.213   0.302   0.929
  144  PHE    1.54021845   9.787   9.667  -4.692   9.664   8.308  -3.180   0.827  -0.054   0.559   0.366  -0.703  -0.610   0.426   0.709  -0.562
  145  PHE    1.63672250   8.486   7.939  -7.861   6.781   7.066  -7.549  -0.124  -0.959  -0.253  -0.348   0.281  -0.894   0.929  -0.023  -0.369
  146  ASP    1.59006161   7.835  11.247  -9.704   6.998  12.807  -8.820  -0.771   0.375  -0.515   0.519   0.838  -0.167   0.370  -0.396  -0.841
  147  ASN    1.61662905  11.238  12.504  -8.800  12.228  12.497  -7.121   0.339   0.855   0.392   0.935  -0.352  -0.040   0.104   0.380  -0.919
  148  ALA    1.69469801  12.917   9.293  -9.936  12.628   7.608  -9.131   0.677  -0.586   0.445  -0.008  -0.610  -0.792   0.736   0.533  -0.418
  149  LYS    1.65267431  11.190   9.029 -13.313   9.776  10.099 -14.066  -0.831  -0.468  -0.302   0.148   0.337  -0.930   0.537  -0.817  -0.211
  150  ALA    1.58019322  13.809  11.234 -15.184  14.394  12.922 -14.570  -0.041   0.855  -0.518   0.985  -0.051  -0.162  -0.165  -0.517  -0.840
  151  SER    1.74508384  16.628   8.768 -14.220  18.038   9.133 -12.924   0.961   0.174   0.216   0.145  -0.979   0.144   0.236  -0.107  -0.966
  152  LEU    2.04838193  14.664   5.425 -14.330  12.678   5.155 -14.310  -0.671  -0.232   0.704  -0.184  -0.868  -0.462   0.718  -0.440   0.540
  153  ASP    1.49494964  15.396   3.052 -17.236  15.547   1.131 -17.199   0.808  -0.377  -0.454  -0.590  -0.507  -0.629   0.007   0.775  -0.631
  154  SER    2.21462091  11.594   2.791 -17.599  11.541   0.837 -17.693  -0.342  -0.690  -0.637  -0.939   0.269   0.213   0.025   0.672  -0.741
  156  VAL    2.50418972   7.609   2.028 -13.804   8.306   1.432 -15.723  -0.598  -0.534  -0.597  -0.175  -0.640   0.748  -0.782   0.552   0.289
  157  PHE    2.21252657   7.690   0.345 -10.373   8.335   1.551  -8.966   0.391   0.532   0.751  -0.172  -0.759   0.628   0.904  -0.375  -0.205
  158  THR    2.31217987   6.456  -3.089  -9.531   6.431  -5.105 -10.240   0.048  -0.644  -0.764  -0.381  -0.718   0.582  -0.923   0.263  -0.280
  159  ALA    2.07699883   5.075  -4.581  -6.382   3.513  -3.821  -5.607  -0.509   0.566   0.649  -0.128  -0.795   0.593   0.851   0.219   0.477
  160  ASP    1.81308971   5.639  -8.283  -5.691   7.444  -8.439  -6.465   0.412  -0.684  -0.602  -0.134  -0.699   0.702  -0.901  -0.208  -0.380
  161  LEU    2.07081044   4.252  -8.781  -2.124   2.466  -8.395  -1.483  -0.454   0.751   0.480  -0.149  -0.595   0.790   0.879   0.287   0.382
  163  TYR    1.83915345   2.167 -14.233   1.357   1.369 -15.368   0.017  -0.854  -0.387  -0.348  -0.174  -0.419   0.891  -0.491   0.822   0.290
  164  HIS    1.50428289   3.625 -14.612   4.894   3.344 -16.487   5.562  -0.353  -0.156   0.922   0.932   0.023   0.361  -0.077   0.987   0.138
  165  ALA    2.41323093   7.062 -14.115   3.253   6.988 -15.388   1.849   0.463  -0.877  -0.129   0.781   0.473  -0.408   0.419   0.089   0.904
  168  THR    2.45966523  10.192  -6.984  -3.596  10.270  -7.881  -5.527   0.858  -0.340  -0.386   0.130   0.869  -0.477   0.497   0.359   0.790
  169  TYR    1.95510721   9.572  -3.464  -4.805   9.834  -1.907  -3.713  -0.589   0.657   0.470   0.199   0.682  -0.703  -0.783  -0.321  -0.533
  170  ASN    2.21561628  11.457  -2.708  -8.029  11.238  -3.718  -9.690   0.444  -0.775  -0.450   0.331   0.608  -0.721   0.832   0.172   0.527
  171  PHE    2.19524406  11.822   0.618  -9.689  12.936   2.082  -8.834  -0.139   0.811   0.569   0.181   0.585  -0.790  -0.974  -0.007  -0.228
  173  PHE    2.47492096  12.450  -2.398 -14.781  14.287  -2.877 -15.082   0.848  -0.203  -0.489  -0.352  -0.906  -0.234  -0.396   0.371  -0.840
  174  ILE    2.01263886  10.169  -5.354 -15.011   9.647  -5.296 -17.104  -0.920   0.063  -0.387  -0.139  -0.975   0.172  -0.366   0.212   0.906
  175  ASP    1.80433635  11.595  -8.619 -13.669  11.682  -8.563 -11.729   0.559  -0.143   0.817   0.036  -0.980  -0.196   0.829   0.139  -0.542
  176  THR    1.58860816  10.385 -11.205 -16.179  10.138 -12.083 -18.116  -0.419   0.046  -0.907  -0.035  -0.999  -0.035  -0.907   0.017   0.420
  177  THR    1.58078039  11.424 -14.088 -13.814  12.860 -15.462 -12.979   0.645  -0.762  -0.061  -0.261  -0.294   0.920  -0.719  -0.577  -0.388
  178  ALA    1.75905031   9.016 -12.853 -11.189   9.105 -11.053 -10.585   0.185   0.440   0.879  -0.982   0.061   0.177   0.024  -0.896   0.443
  179  TYR    2.44393689   5.648 -13.750 -12.822   4.388 -12.309 -12.941  -0.699   0.661   0.273  -0.677  -0.488  -0.551  -0.230  -0.570   0.788
  180  THR    2.23321584   4.144 -16.343 -15.137   3.468 -18.359 -15.305   0.111  -0.954   0.279  -0.496  -0.296  -0.816   0.861  -0.048  -0.506
  182  SER    2.35439497   1.980 -12.197 -19.583   2.095 -11.640 -21.407   0.237   0.117  -0.964  -0.167   0.983   0.078   0.957   0.143   0.253
  183  ILE    2.03729580   1.058  -8.955 -17.924   2.412  -7.434 -18.724   0.623   0.462   0.631  -0.672   0.729   0.130  -0.400  -0.505   0.765
  184  THR    1.98825644  -2.388  -7.505 -18.769  -3.790  -8.449 -17.434  -0.782  -0.568  -0.257  -0.564   0.820  -0.096   0.265   0.070  -0.962
  185  TYR    2.18761764  -2.561  -3.753 -18.545  -1.899  -2.416 -19.801   0.847   0.509  -0.153  -0.490   0.860   0.146   0.206  -0.049   0.977
  186  THR    2.31716973  -5.660  -1.759 -17.792  -6.569  -3.538 -17.101  -0.779  -0.561   0.280  -0.559   0.824   0.096  -0.285  -0.082  -0.955
  187  ALA    2.11771626  -6.413   1.934 -17.884  -7.836   2.671 -18.921  -0.325   0.413  -0.851  -0.047   0.892   0.450   0.945   0.186  -0.270
  188  VAL    2.17226280  -5.960   4.135 -14.787  -3.897   4.566 -15.033   0.724  -0.246   0.645  -0.247   0.780   0.575  -0.645  -0.576   0.503
  189  SER    1.95057265  -8.050   7.161 -14.003  -9.852   6.545 -13.506  -0.959   0.103  -0.263  -0.021   0.902   0.430   0.282   0.418  -0.863
  190  THR    1.64137490  -6.060   9.798 -12.075  -4.300  10.977 -11.805   0.962   0.070   0.264  -0.185   0.877   0.443  -0.201  -0.475   0.857
  191  LYS    1.58603810  -9.129  12.102 -11.516 -10.838  11.197 -11.781  -0.574   0.561  -0.596  -0.545   0.281   0.790   0.611   0.778   0.145
  192  GLN    1.65293276  -9.074  11.357  -7.736  -9.736  10.020  -6.572  -0.725  -0.092   0.683   0.687  -0.178   0.705   0.056   0.980   0.192
  194  PHE    2.35892163  -5.308   7.349  -6.964  -6.905   6.273  -6.534  -0.403  -0.250   0.881   0.154  -0.967  -0.204   0.902   0.053   0.428
  195  TRP    1.48863462  -4.178   4.295  -8.969  -3.170   2.715  -8.302   0.859  -0.470  -0.202  -0.496  -0.668  -0.554   0.125   0.576  -0.807
  196  GLU    2.09632103  -7.894   3.885  -9.838  -8.552   5.724  -9.718  -0.682   0.590   0.432  -0.725  -0.463  -0.510  -0.101  -0.661   0.744
  197  TRP    2.44157158  -9.002   1.202 -12.372  -7.508   0.100 -12.941   0.760  -0.234  -0.606  -0.584  -0.656  -0.479  -0.285   0.718  -0.635
  198  THR    2.10864299 -12.067  -0.828 -13.289 -12.674  -0.366 -15.275  -0.804   0.461  -0.376  -0.474  -0.878  -0.065  -0.360   0.126   0.924
  199  SER    1.97730540 -12.125  -4.573 -12.800 -12.175  -5.003 -10.918   0.479  -0.465   0.744  -0.334  -0.881  -0.335   0.812  -0.088  -0.578
  200  THR    1.66247784 -14.218  -6.426 -15.458 -14.286  -7.652 -17.223  -0.086   0.114  -0.990  -0.656  -0.754  -0.030  -0.750   0.647   0.139
  202  TYR    2.56516607 -15.463 -11.710 -10.492 -15.262 -10.829  -8.742   0.453   0.387   0.803  -0.018  -0.896   0.443   0.891  -0.216  -0.399
  203  ALA    2.31768472 -16.015 -15.363  -9.752 -15.322 -16.567 -11.049  -0.136  -0.558  -0.818  -0.100  -0.814   0.572  -0.986   0.160   0.055
  204  VAL    2.06897118 -16.157 -17.353  -6.508 -18.281 -17.674  -6.184  -0.487   0.357   0.797   0.246  -0.820   0.517   0.838   0.448   0.311
  206  SER    1.61129600 -15.147 -22.882  -9.356 -14.684 -24.822  -9.441   0.462  -0.781  -0.420  -0.715  -0.047  -0.698   0.525   0.623  -0.580
  208  THR    2.16671252 -19.260 -18.573 -13.067 -20.739 -17.589 -14.348  -0.754  -0.262  -0.603   0.138   0.833  -0.535   0.643  -0.486  -0.592
  209  PHE    1.90044961 -17.461 -15.318 -13.789 -16.044 -15.683 -15.116   0.976   0.094  -0.196  -0.114   0.989  -0.094   0.185   0.114   0.976
  210  LYS    1.99998473 -19.995 -12.440 -13.646 -20.783 -11.521 -12.116  -0.826  -0.035   0.562  -0.254   0.914  -0.317  -0.503  -0.405  -0.764
  211  SER    1.84636454 -19.113  -9.452 -15.808 -19.516  -9.834 -17.697   0.357  -0.016  -0.934   0.022   1.000  -0.008   0.934  -0.017   0.357
  212  THR    2.19166537 -19.854  -6.433 -13.724 -21.394  -7.507 -12.689  -0.835  -0.017   0.549   0.207   0.916   0.344  -0.509   0.401  -0.762
  213  SER    2.01797546 -17.683  -3.279 -13.515 -18.213  -1.415 -14.055   0.100   0.630  -0.770   0.606   0.575   0.549   0.789  -0.522  -0.324
  214  ILE    1.98269767 -15.914  -2.696 -10.146 -14.516  -4.322  -9.791  -0.016  -0.663   0.749   0.560   0.615   0.556  -0.829   0.428   0.361
  215  ASP    1.89925299 -14.113   0.614  -9.938 -15.511   2.048  -9.983  -0.176   0.796  -0.580   0.713   0.509   0.483   0.679  -0.328  -0.657
  217  ILE    2.27844492  -8.001   1.537  -6.239  -6.841   3.160  -5.430   0.099   0.981   0.165   0.973  -0.130   0.190   0.208   0.142  -0.968
  218  ALA    1.83524800  -4.854  -0.437  -5.854  -3.692  -0.849  -7.299   0.419  -0.612  -0.671   0.740  -0.197   0.643  -0.526  -0.766   0.370
  219  ASP    2.10260096  -3.596   0.376  -2.383  -5.361   0.735  -1.473  -0.475   0.684   0.553   0.655  -0.144   0.742   0.587   0.715  -0.380
  220  THR    1.55176022  -0.541  -1.387  -0.981   1.529  -1.706  -0.719   0.679  -0.642  -0.355   0.457  -0.009   0.889  -0.574  -0.766   0.288
  222  THR    1.99631788  -4.648  -1.229   2.970  -5.670  -1.028   1.078  -0.854   0.490  -0.174  -0.520  -0.802   0.295   0.005   0.342   0.940
  223  THR    1.81721316  -4.550  -4.830   4.282  -5.800  -5.161   6.020   0.722  -0.441   0.534  -0.530  -0.848   0.018   0.444  -0.296  -0.846
  224  LEU    2.41874664  -7.797  -6.327   3.100  -9.534  -6.142   3.973  -0.457  -0.487   0.745  -0.749  -0.241  -0.617   0.480  -0.839  -0.255
  225  LEU    1.92943746  -9.850  -6.529  -0.099  -9.575  -8.329  -0.700   0.236  -0.560  -0.794  -0.820   0.324  -0.472   0.521   0.763  -0.383
  226  TYR    2.00314514 -12.956  -4.282   0.148 -12.953  -2.384   0.513  -0.102   0.704   0.703  -0.895   0.244  -0.374  -0.435  -0.667   0.605
  227  LEU    2.37060390 -15.595  -4.937  -2.472 -15.868  -6.815  -2.743   0.349  -0.555  -0.755  -0.896   0.038  -0.442   0.274   0.831  -0.484
  229  ALA    1.68927373 -21.641  -5.557  -0.437 -23.045  -4.598   0.381  -0.098   0.132   0.986  -0.742  -0.670   0.016   0.663  -0.731   0.164
  230  THR    1.58621884 -23.514  -7.806  -2.892 -24.846  -8.261  -4.486  -0.965  -0.162  -0.207   0.262  -0.666  -0.698  -0.025  -0.728   0.685
  231  VAL    1.61518364 -20.196  -9.193  -4.245 -18.769  -7.581  -4.318   0.372  -0.129  -0.919   0.839  -0.377   0.392  -0.397  -0.917  -0.032
  232  VAL    1.58069472 -18.871  -9.888  -0.761 -19.421  -8.117   0.359   0.868   0.164   0.468  -0.368  -0.420   0.829   0.333  -0.892  -0.305
  233  SER    1.55846478 -22.197 -11.467   0.230 -23.803 -10.329  -0.206  -0.658   0.134   0.741  -0.575  -0.725  -0.380   0.486  -0.676   0.554
  234  ALA    1.55274285 -21.949 -13.791  -2.823 -21.859 -13.263  -4.613  -0.588  -0.220  -0.779   0.690  -0.638  -0.340  -0.422  -0.738   0.527
  235  TYR    1.72364858 -18.479 -14.906  -1.605 -17.245 -13.376  -1.525   0.871  -0.063  -0.486   0.442  -0.328   0.835  -0.212  -0.943  -0.258
  236  TRP    1.60008706 -19.362 -15.698   2.016 -19.923 -14.485   3.495   0.441   0.178   0.880  -0.752  -0.462   0.470   0.490  -0.869  -0.070
  237  ALA    1.46863907 -22.591 -17.436   0.966 -23.615 -16.838  -0.522  -0.983   0.184   0.020  -0.175  -0.884  -0.433  -0.062  -0.430   0.901
  238  GLN    1.61191515 -20.201 -20.282  -0.227 -18.624 -20.265  -1.276   0.157  -0.450  -0.879   0.698  -0.579   0.420  -0.698  -0.680   0.223
  239  VAL    1.95783194 -18.680 -20.692   3.281 -18.230 -18.653   3.992   0.897   0.355   0.264  -0.126  -0.367   0.922   0.424  -0.860  -0.284
  240  SER    1.78139178 -20.944 -22.574   5.591 -21.767 -24.394   5.477  -0.678  -0.702  -0.218  -0.230  -0.079   0.970  -0.698   0.708  -0.108
  242  ALA    2.08315570 -19.396 -17.600   7.804 -18.822 -17.099   6.065   0.708   0.189  -0.680  -0.229   0.973   0.032   0.668   0.133   0.732
  243  LYS    2.39670652 -21.507 -14.767   9.217 -22.898 -15.236  10.502  -0.842  -0.345   0.414  -0.266   0.934   0.237  -0.468   0.089  -0.879
  244  SER    1.91895674 -21.288 -11.028   9.481 -22.919 -10.215   8.569  -0.173   0.639  -0.749   0.192   0.768   0.611   0.966  -0.039  -0.255
  245  SER    2.09101086 -20.303 -10.022  13.055 -18.815 -11.187  13.343   0.474  -0.652   0.592   0.022   0.681   0.732  -0.880  -0.334   0.337
  246  SER    1.58632247 -21.129  -6.566  14.326 -22.559  -5.752  15.320  -0.559   0.757  -0.339   0.243   0.540   0.806   0.793   0.368  -0.485
  247  SER    1.66761244 -18.982  -7.123  17.411 -19.367  -7.867  19.100  -0.207   0.031   0.978   0.951  -0.226   0.209   0.228   0.974   0.017
  248  VAL    1.65614072 -15.788  -7.836  15.510 -16.276  -9.594  14.446   0.799  -0.564   0.208   0.412   0.262  -0.873   0.438   0.783   0.442
  251  TYR    2.01784337 -17.447 -11.518   8.230 -16.936 -12.192   6.466  -0.492  -0.208  -0.846   0.161  -0.976   0.146  -0.856  -0.064   0.513
  252  VAL    2.24737534 -15.964 -14.185  10.371 -15.316 -14.706  12.335   0.439   0.315   0.841   0.231  -0.945   0.234   0.868   0.092  -0.487
  253  PHE    2.43323994 -15.895 -17.932   9.790 -16.054 -18.210   7.838  -0.497  -0.230  -0.836   0.203  -0.968   0.146  -0.843  -0.097   0.528
  255  CYS    1.54277902 -10.745 -21.235  11.025  -9.384 -21.404  12.481   0.753   0.653   0.083   0.651  -0.720  -0.238  -0.096   0.234  -0.968
  256  SER    1.59133902 -11.067 -24.893  10.173 -11.364 -26.416  11.355   0.282  -0.850   0.446  -0.396  -0.526  -0.753   0.874   0.036  -0.484
  257  ALA    2.10918638 -12.936 -24.040   6.863 -14.121 -22.590   6.554  -0.939   0.341   0.037  -0.019   0.058  -0.998  -0.343  -0.938  -0.048
  258  THR    1.77145622 -11.246 -24.486   3.514 -11.932 -26.170   2.404   0.556  -0.762  -0.332   0.124   0.470  -0.874   0.822   0.444   0.356
  259  LEU    2.18243186 -12.220 -21.262   1.737 -11.345 -19.553   1.680  -0.058   0.832   0.552  -0.258   0.522  -0.813  -0.964  -0.190   0.184
  261  SER    2.10631855 -10.710 -18.936  -4.182  -9.268 -19.490  -5.386   0.898  -0.364  -0.248   0.190   0.828  -0.527   0.398   0.426   0.813
  262  PHE    2.12341734 -11.771 -15.513  -5.457 -11.585 -14.392  -3.833  -0.463   0.630   0.623  -0.061   0.679  -0.732  -0.884  -0.377  -0.276
  263  THR    2.19782935 -11.115 -14.428  -9.036 -12.697 -15.398 -10.165   0.224  -0.718  -0.659   0.080   0.687  -0.722   0.971   0.109   0.211
  264  PHE    2.22413075 -11.232 -10.860 -10.342 -11.312  -9.343  -9.107  -0.096   0.720   0.687   0.013   0.691  -0.723  -0.995  -0.060  -0.075
  266  VAL    1.82275814  -8.399  -7.464 -15.473  -6.464  -8.379 -15.572   0.838   0.344   0.424   0.227   0.487  -0.843  -0.497   0.803   0.330
  268  SER    1.64904783  -9.820 -10.306 -20.490 -10.012 -10.795 -22.397  -0.495  -0.377  -0.783   0.400  -0.899   0.180  -0.772  -0.224   0.595
  269  ALA    2.22256755  -7.422 -11.847 -17.959  -5.710 -11.140 -17.668   0.969   0.009  -0.245   0.222  -0.456   0.862  -0.104  -0.890  -0.444
  270  ARG    2.23752573  -8.309 -13.431 -14.573  -8.865 -15.302 -14.406  -0.821  -0.570   0.014   0.142  -0.182   0.973  -0.552   0.801   0.230
  271  ILE    2.01792590  -6.469 -13.107 -11.287  -6.631 -11.158 -10.515   0.613   0.766   0.194   0.189  -0.381   0.905   0.767  -0.518  -0.378
  272  VAL    2.11371242  -7.090 -15.830  -8.816  -6.000 -17.594  -9.329  -0.264  -0.908  -0.325  -0.042  -0.326   0.944  -0.964   0.263   0.048
  273  ILE    1.90285715  -6.735 -15.210  -5.071  -8.541 -14.345  -4.338  -0.038   0.894   0.447   0.142  -0.438   0.888   0.989   0.097  -0.110
  276  ASP    1.59634884  -5.839 -19.480   2.038  -4.005 -20.066   1.810   0.371  -0.717   0.590   0.674   0.645   0.360  -0.639   0.264   0.722
  277  TYR    1.55590672  -4.990 -15.826   1.451  -5.185 -14.710  -0.135   0.818   0.506  -0.273  -0.512   0.857   0.057   0.263   0.093   0.960
  278  ILE    1.56752698  -8.627 -14.895   2.358  -9.878 -16.401   1.409  -0.737   0.500  -0.454  -0.594  -0.160   0.788   0.321   0.851   0.415
  279  ASP    1.61782343  -8.240 -16.656   5.665  -7.841 -18.511   5.287  -0.202  -0.927   0.316   0.335   0.238   0.912  -0.921   0.290   0.262
  280  PHE    1.77980454  -6.836 -13.666   7.290  -8.132 -12.172   7.556   0.175   0.904  -0.389   0.349   0.313   0.883   0.921  -0.291  -0.261
  283  ILE    1.54801588  -9.790 -13.087  15.738 -11.514 -11.958  16.262  -0.691   0.659  -0.296  -0.001   0.409   0.913   0.723   0.631  -0.282
  284  SER    2.21524691  -7.902 -13.797  18.990  -9.421 -14.271  20.127  -0.304   0.499   0.811   0.703  -0.457   0.545   0.642   0.736  -0.212
  285  THR    1.83546232  -4.879 -16.292  19.483  -3.769 -15.770  21.268   0.976   0.206  -0.074   0.217  -0.952   0.214  -0.027  -0.225  -0.974
  287  SER    2.13170480  -9.837 -18.704  18.749  -9.937 -16.824  18.226  -0.385   0.902   0.196  -0.790  -0.212  -0.575  -0.477  -0.376   0.794
  288  SER    1.58665736 -11.696 -20.990  16.551 -12.298 -22.801  16.852  -0.084  -0.994  -0.068  -0.627   0.106  -0.772   0.774  -0.022  -0.632
  289  SER    2.08898764 -13.178 -18.039  14.634 -14.100 -16.449  15.350  -0.922   0.325   0.212   0.086   0.705  -0.704  -0.379  -0.630  -0.678
  290  CYS    2.28245266 -11.151 -16.357  11.937 -10.707 -17.418  10.290   0.763  -0.545  -0.349   0.242   0.740  -0.627   0.600   0.394   0.696
  291  PHE    2.04285947 -11.520 -12.954  10.330 -10.111 -11.752  11.152   0.054   0.841   0.539  -0.147   0.541  -0.828  -0.988  -0.035   0.153
  294  ILE    1.97925955 -12.676  -9.911   1.799 -13.775 -11.634   1.110  -0.114  -0.315  -0.942  -0.797   0.595  -0.103   0.593   0.739  -0.319
  295  GLN    2.41751707 -14.968  -7.364   3.438 -14.495  -6.127   4.802   0.152   0.029   0.988  -0.703   0.706   0.087  -0.695  -0.707   0.127
  296  SER    2.06063649 -17.675  -4.888   2.416 -19.310  -5.139   3.521  -0.969  -0.227   0.098  -0.248   0.895  -0.372  -0.004  -0.385  -0.923
  297  SER    1.59392883 -16.567  -1.466   0.985 -15.553  -1.206  -0.684   0.841   0.344  -0.417  -0.422   0.900  -0.109   0.338   0.268   0.902
  298  ALA    1.64003907 -19.994   0.089   1.809 -21.561  -0.812   2.324  -0.895  -0.047  -0.444  -0.382   0.596   0.707   0.231   0.802  -0.551
  300  ILE    1.72692377 -15.496   3.059   3.106 -15.056   1.200   2.113   0.960  -0.086   0.268   0.276   0.482  -0.832  -0.058   0.872   0.486
  302  ILE    2.40677639 -14.636   3.102  -2.391 -12.653   3.315  -3.083   0.512   0.699  -0.500   0.497  -0.715  -0.492  -0.701   0.003  -0.713
  303  ASN    1.96249786 -13.594  -0.321  -3.432 -13.657  -1.169  -5.216  -0.594  -0.637  -0.492   0.734  -0.679  -0.007  -0.329  -0.365   0.871
  304  ILE    2.21182332 -10.010  -1.124  -2.413 -10.147  -1.351  -0.273   0.396   0.562   0.726   0.853  -0.518  -0.065   0.339   0.645  -0.685
  305  PHE    1.63846321  -7.760  -3.874  -3.888  -6.858  -3.773  -5.687   0.000  -0.487  -0.873   0.801  -0.523   0.292  -0.599  -0.699   0.390
  307  ASP    1.66948140  -2.724  -6.436   0.104  -1.924  -6.966   1.793   0.973   0.146   0.176   0.118  -0.980   0.160   0.196  -0.135  -0.971
  308  VAL    1.54195577  -4.908  -9.616   0.105  -6.802  -8.808   0.509  -0.285  -0.674   0.681  -0.519  -0.489  -0.701   0.806  -0.554  -0.210
  309  ALA    1.76047763  -5.504  -9.075  -3.606  -6.734  -7.844  -4.364  -0.806  -0.210  -0.553   0.463   0.358  -0.811   0.369  -0.910  -0.192
  310  LEU    1.65250667  -2.194  -7.515  -4.644  -0.991  -6.082  -4.017   0.228   0.825  -0.518   0.974  -0.202   0.106  -0.017  -0.528  -0.849
  311  LYS    1.54330702  -0.040 -10.229  -3.001   0.587 -10.314  -1.231   0.696  -0.026   0.717   0.090  -0.988  -0.123   0.712   0.150  -0.686
  312  ALA    1.57289107  -1.717 -12.805  -5.304  -3.543 -13.236  -5.298  -0.576  -0.805   0.142  -0.042  -0.144  -0.989   0.816  -0.576   0.049
  313  ALA    2.52766284  -0.269 -11.015  -8.374  -1.548  -9.768  -9.032  -0.709   0.012  -0.705   0.621   0.486  -0.616   0.335  -0.874  -0.352
  314  PHE    1.80151731   2.783  -9.275  -9.790   3.501 -10.417 -11.293   0.900  -0.388  -0.200   0.315   0.894  -0.319   0.302   0.224   0.927
  315  VAL    2.20162274   1.582  -5.644 -10.275   1.547  -4.787  -8.279  -0.812   0.281   0.512   0.063   0.914  -0.401  -0.580  -0.293  -0.760
  316  VAL    2.06844280   3.166  -3.074 -12.478   2.417  -3.389 -14.509   0.587  -0.272  -0.762   0.144   0.962  -0.233   0.796   0.027   0.604
  317  PHE    1.75532118   2.487   0.636 -11.749   3.136   1.754 -10.230  -0.287   0.442   0.850   0.009   0.888  -0.459  -0.958  -0.124  -0.259
  318  ASN    1.85449396   3.208   2.154 -15.142   2.555   0.933 -16.459   0.046  -0.482  -0.875   0.203   0.862  -0.464   0.978  -0.156   0.138
  320  ALA    2.00575412   4.127   6.983 -18.237   3.833   5.854 -19.709   0.552  -0.516  -0.655  -0.228   0.662  -0.714   0.802   0.543   0.248
  321  THR    1.53224126   2.261  10.173 -19.188   2.445  10.467 -21.285   0.230   0.969  -0.095  -0.945   0.199  -0.261  -0.234   0.149   0.961
  322  THR    1.76152937  -0.866   8.040 -19.618  -0.731   7.119 -21.534  -0.710   0.045  -0.703  -0.479  -0.763   0.434  -0.517   0.645   0.563
  324  THR    2.40924779  -1.698   2.107 -16.592  -2.115   0.501 -17.929  -0.391  -0.261  -0.883  -0.177  -0.920   0.350  -0.903   0.293   0.313
  325  LEU    2.10334519  -1.795  -0.789 -14.160  -3.521  -0.510 -13.377  -0.385   0.132   0.914   0.190  -0.957   0.218   0.903   0.258   0.343
  327  PHE    2.22720076  -1.325  -7.556 -13.437  -3.130  -8.248 -13.183  -0.726   0.039   0.687   0.100  -0.982   0.161   0.680   0.186   0.709
  328  ALA    2.28132597   0.243 -10.987 -14.042   2.102 -10.983 -14.466   0.629  -0.040  -0.777   0.163  -0.970   0.182  -0.760  -0.241  -0.603
  329  SER    2.04509035  -0.190 -14.275 -12.181  -0.456 -16.107 -13.035  -0.858  -0.513  -0.041   0.390  -0.700   0.598  -0.335   0.497   0.800
  333  PHE    2.22866347  -4.399  -1.131   8.150  -2.760  -1.001   7.036   0.943   0.250   0.219  -0.100   0.843  -0.529  -0.316   0.477   0.820
2 ../../pdbdataEL_hNew/p2lyz.pdbdata.Z.H
  129  113
