40
1 ../../pdbdataEL_hNew/p2er7.pdbdata.Z.H
  336  307
   Np  Res Res2        theta1        theta2    Ca x    Ca y    Ca z    Ca2x    Ca2y    Ca2z    Hn x    Hn y    Hn z                      Vx                      Vy                      Vz                     Vx2                     Vy2                     Vz2   Gamma
    3  GLY  SER    2.42223235    2.36890770  17.033   1.119 -11.240  16.479   0.011  -7.683  15.304   0.410  -9.447  -0.147  -0.294   0.944  -0.605  -0.729  -0.321   0.782  -0.619  -0.071  -0.147  -0.294   0.944  -0.301  -0.896  -0.326   0.942  -0.332   0.043   -2.79260407
    4  SER  ALA    2.36890770    2.19651340  16.479   0.011  -7.683  15.290  -3.141  -5.992  16.819  -1.622  -5.851  -0.315  -0.836   0.449   0.113   0.436   0.893  -0.942   0.332  -0.043  -0.315  -0.836   0.449  -0.083   0.495   0.865  -0.945   0.236  -0.225   -2.93499129
    5  ALA  THR    2.19651340    2.34421099  15.290  -3.141  -5.992  14.318  -3.482  -2.273  13.424  -3.418  -4.244  -0.252  -0.088   0.964  -0.207  -0.968  -0.143   0.945  -0.236   0.225  -0.252  -0.088   0.964  -0.224  -0.963  -0.147   0.941  -0.253   0.223    3.12330643
    6  THR  THR    2.34421099    1.99257559  14.318  -3.482  -2.273  13.036  -6.343  -0.109  14.792  -5.135  -0.490  -0.337  -0.751   0.568  -0.023   0.610   0.792  -0.941   0.253  -0.223  -0.337  -0.751   0.568  -0.816   0.534   0.223  -0.471  -0.388  -0.792   -2.11900728
    7  THR  THR    1.99257559    2.05683323  13.036  -6.343  -0.109   9.733  -5.670   1.523  10.514  -6.642  -0.220  -0.882   0.180   0.436   0.027  -0.904   0.427   0.471   0.388   0.792  -0.882   0.180   0.436   0.193  -0.706   0.682   0.430   0.685   0.588   -2.77702872
    8  THR  PRO    2.05683323    2.31398172   9.733  -5.670   1.523   8.816  -7.722   4.585   9.140  -5.699   3.955  -0.241  -0.540   0.806  -0.870   0.489   0.067  -0.430  -0.685  -0.588  -0.241  -0.540   0.806  -0.944   0.323  -0.066  -0.224  -0.777  -0.588   -2.91587774
   10  ILE  ASP    1.96419927    1.61813559   5.490  -8.217   6.509   5.509  -6.531   9.896   4.327  -6.636   8.110   0.005   0.446   0.895  -0.932  -0.323   0.166   0.363  -0.835   0.414   0.005   0.446   0.895  -0.454  -0.797   0.399   0.891  -0.408   0.198   -2.41405902
   11  ASP  SER    1.61813559    2.47976354   5.509  -6.531   9.896   3.774  -9.496  11.584   3.835  -8.469   9.697  -0.453  -0.775   0.441   0.027   0.483   0.875  -0.891   0.408  -0.198  -0.453  -0.775   0.441   0.058  -0.519  -0.853   0.889  -0.361   0.280    0.09463912
   12  SER  LEU    2.47976354    1.60201987   3.774  -9.496  11.584   2.547 -13.040  10.913   2.451 -11.628  12.574  -0.322  -0.930  -0.176  -0.324  -0.066   0.944  -0.889   0.361  -0.280  -0.322  -0.930  -0.176  -0.863   0.365  -0.350   0.390   0.039  -0.920   -1.49608638
   13  LEU  ASP    1.60201987    1.66505940   2.547 -13.040  10.913  -0.826 -11.742   9.540   0.799 -11.105  10.804  -0.872   0.336  -0.355  -0.295  -0.941  -0.165  -0.390  -0.039   0.920  -0.872   0.336  -0.355   0.485   0.512  -0.709  -0.056  -0.791  -0.610    1.03774758
   14  ASP  ASP    1.66505940    1.52175798  -0.826 -11.742   9.540   0.745  -9.622   6.647   1.371 -10.870   8.302   0.401   0.541  -0.739  -0.914   0.286  -0.287   0.056   0.791   0.610   0.401   0.541  -0.739  -0.456   0.818   0.351   0.794   0.196   0.575   -2.15358167
   15  ASP  ALA    1.52175798    1.53177381   0.745  -9.622   6.647  -1.077  -6.595   8.130   0.236  -8.126   8.825  -0.476   0.790   0.387   0.378   0.581  -0.721  -0.794  -0.196  -0.575  -0.476   0.790   0.387   0.643   0.612  -0.460  -0.600   0.030  -0.799    2.76626176
   16  ALA  TYR    1.53177381    2.47885882  -1.077  -6.595   8.130   1.423  -4.398   6.336   1.398  -6.107   7.642   0.661   0.581  -0.474  -0.450   0.813   0.369   0.600  -0.030   0.799   0.661   0.581  -0.474   0.628  -0.775  -0.074  -0.411  -0.249  -0.877   -0.34813448
   17  TYR  ILE    2.47885882    2.27833774   1.423  -4.398   6.336   4.875  -4.469   4.740   3.093  -3.324   4.810   0.908  -0.019  -0.420  -0.088   0.968  -0.234   0.411   0.249   0.877   0.908  -0.019  -0.420   0.298   0.732   0.612   0.296  -0.681   0.670   -2.14114652
   18  ILE  THR    2.27833774    2.24020201   4.875  -4.469   4.740   7.958  -2.413   5.467   7.286  -4.438   5.659   0.816   0.544   0.193   0.496  -0.490  -0.717  -0.296   0.681  -0.670   0.816   0.544   0.193   0.321  -0.151  -0.935  -0.480   0.825  -0.298   -2.69822118
   19  THR  PRO    2.24020201    2.16295929   7.958  -2.413   5.467  10.842  -1.578   3.133   9.369  -0.670   4.399   0.758   0.220  -0.614   0.441   0.521   0.731   0.480  -0.825   0.298   0.758   0.220  -0.614   0.534   0.331   0.778   0.374  -0.918   0.134   -2.92520966
   21  VAL  GLN    2.00772891    2.20783461  14.155  -0.058   4.292  14.899   3.383   2.926  14.196   2.432   4.709   0.197   0.911  -0.362   0.864   0.013   0.503   0.463  -0.412  -0.785   0.197   0.911  -0.362   0.907  -0.029   0.420   0.372  -0.411  -0.832   -3.03876891
   22  GLN  ILE    2.20783461    2.01863002  14.899   3.383   2.926  18.095   5.341   3.389  16.930   4.323   1.919   0.846   0.518   0.123  -0.381   0.750  -0.541  -0.372   0.411   0.832   0.846   0.518   0.123  -0.532   0.832   0.154  -0.022  -0.196   0.980   -2.40920394
   23  ILE  GLY    2.01863002    2.24815213  18.095   5.341   3.389  17.674   8.961   4.103  18.202   7.145   5.108  -0.113   0.975   0.192   0.993   0.107   0.044   0.022   0.196  -0.980  -0.113   0.975   0.192   0.989   0.130  -0.076  -0.099   0.181  -0.978   -3.01974298
   24  GLY  THR    2.24815213    2.35043553  17.674   8.961   4.103  20.339  11.675   4.337  18.895  10.869   2.965   0.699   0.712   0.061  -0.708   0.678   0.197   0.099  -0.181   0.978   0.699   0.712   0.061   0.715  -0.699  -0.032   0.020   0.066  -0.998   -0.16666844
   28  GLN  THR    2.09758335    1.92724435  22.474   7.442   5.329  19.969   6.893   8.113  20.296   7.876   6.243  -0.662  -0.145   0.736  -0.547  -0.577  -0.606   0.512  -0.804   0.303  -0.662  -0.145   0.736  -0.318  -0.835  -0.450   0.679  -0.532   0.506   -2.76084882
   29  THR  LEU    1.92724435    2.05338970  19.969   6.893   8.113  17.955   3.720   7.483  19.600   4.384   8.707  -0.529  -0.833  -0.165  -0.509   0.155   0.846  -0.679   0.532  -0.506  -0.529  -0.833  -0.165  -0.820   0.450   0.355  -0.221   0.323  -0.920   -2.47816566
   30  LEU  ASN    2.05338970    2.22434819  17.955   3.720   7.483  14.284   3.765   8.382  15.564   3.990   6.648  -0.971   0.012   0.238  -0.088  -0.946  -0.311   0.221  -0.323   0.920  -0.971   0.012   0.238  -0.117  -0.894  -0.434   0.207  -0.449   0.869    3.00515065
   31  ASN  LEU    2.22434819    1.88667633  14.284   3.765   8.382  11.681   1.091   7.622  12.349   2.229   9.358  -0.683  -0.702  -0.200  -0.700   0.553   0.452  -0.207   0.449  -0.869  -0.683  -0.702  -0.200  -0.571   0.685  -0.453   0.455  -0.196  -0.869   -2.18075220
   32  LEU  ASP    1.88667633    2.28898978  11.681   1.091   7.622   8.789   2.748   5.734  10.626   1.737   5.261  -0.755   0.433  -0.493  -0.472  -0.880  -0.049  -0.455   0.196   0.869  -0.755   0.433  -0.493  -0.534  -0.842   0.080  -0.380   0.323   0.866   -2.99381606
   33  ASP  PHE    2.28898978    1.83546597   8.789   2.748   5.734   5.382   1.425   4.732   6.254   2.988   5.930  -0.899  -0.349  -0.264  -0.217   0.880  -0.423   0.380  -0.323  -0.866  -0.899  -0.349  -0.264   0.183   0.248  -0.951   0.398  -0.904  -0.159   -2.19132926
   34  PHE  ASP    1.83546597    1.81250373   5.382   1.425   4.732   5.159   1.993   0.953   5.898   0.572   2.356  -0.058   0.148  -0.987  -0.916  -0.402  -0.006  -0.398   0.904   0.159  -0.058   0.148  -0.987  -0.948   0.301   0.101   0.312   0.942   0.123   -2.41344819
   35  ASP  THR    1.81250373    2.10005877   5.159   1.993   0.953   1.570   3.253   0.423   3.598   3.871   0.118  -0.935   0.328  -0.138   0.170   0.072  -0.983  -0.312  -0.942  -0.123  -0.935   0.328  -0.138   0.110  -0.102  -0.989  -0.338  -0.939   0.059   -2.95721934
   36  THR  GLY    2.10005877    1.50814202   1.570   3.253   0.423   0.129   3.550  -3.108   0.518   1.997  -1.698  -0.377   0.078  -0.923  -0.862   0.335   0.380   0.338   0.939  -0.059  -0.377   0.078  -0.923  -0.837   0.399   0.375   0.397   0.914  -0.085   -3.07255927
   37  GLY  SER    1.50814202    1.64846342   0.129   3.550  -3.108  -3.004   5.067  -1.440  -1.361   3.801  -0.962  -0.812   0.393   0.432  -0.428   0.102  -0.898  -0.397  -0.914   0.085  -0.812   0.393   0.432   0.516   0.830   0.214  -0.274   0.397  -0.876    1.23631218
   38  SER  SER    1.64846342    2.43803674  -3.004   5.067  -1.440  -1.244   8.412  -0.476  -0.694   6.395  -1.069   0.451   0.858   0.247  -0.849   0.327   0.414   0.274  -0.397   0.876   0.451   0.858   0.247   0.573  -0.066  -0.817  -0.684   0.510  -0.521    0.56111423
   39  SER  ASP    2.43803674    1.84887478  -1.244   8.412  -0.476   1.445  10.711  -1.755  -0.119  10.729  -0.284   0.715   0.611  -0.340  -0.145   0.605   0.783   0.684  -0.510   0.521   0.715   0.611  -0.340   0.327   0.137   0.935   0.618  -0.780  -0.102   -2.44580628
   40  ASP  LEU    1.84887478    2.18594409   1.445  10.711  -1.755   3.456  11.892   1.417   1.860  10.575   0.871   0.511   0.300   0.806   0.598   0.550  -0.584  -0.618   0.780   0.102   0.511   0.300   0.806   0.742  -0.627  -0.237   0.434   0.719  -0.543    1.81056491
   41  LEU  TRP    2.18594409    1.77406621   3.456  11.892   1.417   6.859  10.613   2.441   5.927  12.298   1.444   0.901  -0.339   0.271  -0.011   0.607   0.795  -0.434  -0.719   0.543   0.901  -0.339   0.271  -0.192   0.250   0.949  -0.389  -0.907   0.160   -2.70986225
   42  TRP  VAL    1.77406621    2.30663808   6.859  10.613   2.441   6.837  11.280   6.162   6.165   9.741   4.800  -0.006   0.176   0.984   0.921  -0.382   0.074   0.389   0.907  -0.160  -0.006   0.176   0.984   0.759  -0.640   0.119   0.650   0.748  -0.130    2.83307530
   43  VAL  PHE    2.30663808    2.47985670   6.837  11.280   6.162   8.942   9.941   8.982   8.213  11.828   8.229   0.559  -0.356   0.749  -0.514   0.560   0.650  -0.650  -0.748   0.130   0.559  -0.356   0.749  -0.591   0.463   0.661  -0.581  -0.812   0.048   -3.01683304
   44  PHE  SER    2.47985670    1.83791412   8.942   9.941   8.982   9.238   9.955  12.771   8.781   8.556  11.173   0.078   0.004   0.997   0.810  -0.583  -0.061   0.581   0.812  -0.048   0.078   0.004   0.997   0.738   0.673  -0.060  -0.671   0.740   0.050   -1.78085636
   45  SER  SER    1.83791412    2.56401705   9.238   9.955  12.771  12.042  12.444  13.557  10.155  11.817  14.338   0.732   0.650   0.205  -0.120  -0.174   0.977   0.671  -0.740  -0.050   0.732   0.650   0.205  -0.163  -0.126   0.979   0.662  -0.750   0.013    3.07707548
   46  SER  GLU    2.56401705    1.46768568  12.042  12.444  13.557  13.984  14.205  16.172  14.177  13.573  14.146   0.524   0.476   0.706   0.536   0.460  -0.708  -0.662   0.750  -0.013   0.524   0.476   0.706  -0.687   0.726   0.021  -0.503  -0.496   0.708   -1.52178221
   47  GLU  THR    1.46768568    1.66691419  13.984  14.205  16.172  11.152  16.791  15.974  12.239  15.408  14.782  -0.737   0.673  -0.052   0.451   0.548   0.705   0.503   0.496  -0.708  -0.737   0.673  -0.052  -0.660  -0.702   0.269   0.145   0.233   0.962    1.05649846
   48  THR  THR    1.66691419    1.97379326  11.152  16.791  15.974   8.398  14.391  16.971  10.388  14.312  16.181  -0.727  -0.634   0.263  -0.671   0.738  -0.077  -0.145  -0.233  -0.962  -0.727  -0.634   0.263  -0.082   0.461   0.884  -0.681   0.621  -0.387    1.90340794
   49  THR  ALA    1.97379326    1.83833972   8.398  14.391  16.971   7.017  15.063  20.482   6.435  15.293  18.423  -0.360   0.175   0.916  -0.637  -0.764  -0.104   0.681  -0.621   0.387  -0.360   0.175   0.916   0.592  -0.716   0.370   0.721   0.676   0.154   -1.70219559
   50  ALA  SER    1.83833972    1.73467156   7.017  15.063  20.482   8.809  12.637  22.738   8.505  14.714  22.336   0.476  -0.644   0.599  -0.504   0.358   0.786  -0.721  -0.676  -0.154   0.476  -0.644   0.599  -0.879  -0.325   0.349  -0.030  -0.693  -0.721   -2.21571181
   51  SER  GLU    1.73467156    1.53730411   8.809  12.637  22.738   5.809  11.021  24.418   6.570  12.975  23.983  -0.790  -0.425   0.442   0.613  -0.583   0.534   0.030   0.693   0.721  -0.790  -0.425   0.442  -0.359  -0.265  -0.895   0.498  -0.865   0.056    0.99593913
   52  GLU  VAL    1.53730411    1.65329132   5.809  11.021  24.418   4.540  10.065  20.943   5.949  11.378  21.893  -0.332  -0.250  -0.909  -0.801  -0.434   0.412  -0.498   0.865  -0.056  -0.332  -0.250  -0.909   0.840  -0.517  -0.165  -0.429  -0.819   0.382    1.02800367
   56  GLN  THR    1.77874967    2.21215893  10.203   2.019  19.602  10.555   3.620  16.115   9.409   3.813  17.926   0.091   0.416  -0.905   0.724  -0.652  -0.226  -0.684  -0.634  -0.360   0.091   0.416  -0.905   0.990   0.061   0.128   0.108  -0.908  -0.406    2.27572477
   57  THR  ILE    2.21215893    1.93910046  10.555   3.620  16.115  13.774   4.748  14.448  12.012   3.575  14.129   0.848   0.297  -0.439  -0.519   0.297  -0.802  -0.108   0.908   0.406   0.848   0.297  -0.439  -0.314   0.949   0.035   0.427   0.108   0.898   -2.00030075
   58  ILE  TYR    1.93910046    2.29188870  13.774   4.748  14.448  13.820   8.517  13.972  14.745   6.979  15.144   0.012   0.992  -0.125   0.904  -0.064  -0.422  -0.427  -0.108  -0.898   0.012   0.992  -0.125   0.540  -0.112  -0.834  -0.842  -0.058  -0.537   -2.58209616
   59  TYR  THR    2.29188870    1.98774787  13.820   8.517  13.972  15.389  10.684  11.279  13.455  10.016  12.014   0.413   0.571  -0.709  -0.347   0.819   0.457   0.842   0.058   0.537   0.413   0.571  -0.709   0.446   0.552   0.704   0.794  -0.607  -0.026   -2.23880606
   60  THR  PRO    1.98774787    1.92653057  15.389  10.684  11.279  17.538  13.436  12.612  17.689  11.624  11.469   0.575   0.736   0.357   0.197   0.298  -0.934  -0.794   0.607   0.026   0.575   0.736   0.357  -0.098   0.495  -0.863  -0.812   0.461   0.357   -2.77734293
   62  SER  LYS    1.68410617    1.54715167  17.934  16.078  10.100  20.665  17.960  11.888  18.885  16.908  12.449   0.725   0.499   0.475   0.026   0.668  -0.743  -0.688   0.551   0.471   0.725   0.499   0.475   0.608  -0.788  -0.100   0.324   0.361  -0.875    1.11949709
   63  LYS  SER    1.54715167    1.61654438  20.665  17.960  11.888  22.942  14.880  11.460  20.876  15.433  11.548   0.591  -0.799  -0.111   0.739   0.481   0.472  -0.324  -0.361   0.875   0.591  -0.799  -0.111  -0.161   0.018  -0.987   0.791   0.601  -0.118    0.95714947
   64  SER  THR    1.61654438    1.98149920  22.942  14.880  11.460  22.431  14.810   7.670  21.533  15.580   9.463  -0.134  -0.018  -0.991   0.598  -0.799  -0.066  -0.791  -0.601   0.118  -0.134  -0.018  -0.991   0.745   0.658  -0.113   0.654  -0.753  -0.074    1.49727367
   65  THR  THR    1.98149920    1.59004343  22.431  14.810   7.670  24.822  17.074   5.775  24.585  15.014   6.311   0.629   0.596  -0.499  -0.420  -0.279  -0.864  -0.654   0.753   0.074   0.629   0.596  -0.499  -0.621   0.000  -0.784  -0.467   0.803   0.370   -2.78605404
   66  THR  ALA    1.59004343    1.70706717  24.822  17.074   5.775  22.501  17.118   2.752  23.000  15.859   4.413  -0.609   0.012  -0.793   0.641   0.596  -0.484   0.467  -0.803  -0.370  -0.609   0.012  -0.793  -0.765   0.254   0.591   0.208   0.967  -0.146    0.89510577
   67  ALA  LYS    1.70706717    2.06954672  22.501  17.118   2.752  19.282  18.087   4.582  21.260  17.380   5.022  -0.841   0.253   0.478  -0.499  -0.023  -0.866  -0.208  -0.967   0.146  -0.841   0.253   0.478  -0.006   0.880  -0.476  -0.541  -0.403  -0.738    1.97656609
   68  LYS  LEU    2.06954672    2.20267317  19.282  18.087   4.582  17.736  21.478   3.864  17.409  19.390   3.525  -0.407   0.893  -0.189  -0.736  -0.198   0.647   0.541   0.403   0.738  -0.407   0.893  -0.189  -0.678  -0.157   0.718   0.612   0.421   0.670   -3.04167916
   69  LEU  LEU    2.20267317    1.92393179  17.736  21.478   3.864  14.745  23.000   5.639  16.881  23.136   5.510  -0.788   0.401   0.468   0.072   0.814  -0.577  -0.612  -0.421  -0.670  -0.788   0.401   0.468  -0.470   0.098  -0.877  -0.398  -0.911   0.111   -2.15564406
   70  LEU  SER    1.92393179    1.68225428  14.745  23.000   5.639  11.977  23.896   3.075  12.343  22.340   4.520  -0.714   0.231  -0.661  -0.577   0.342   0.742   0.398   0.911  -0.111  -0.714   0.231  -0.661  -0.133   0.882   0.451   0.688   0.410  -0.599   -2.36498053
   71  SER  GLY    1.68225428    2.04412450  11.977  23.896   3.075  11.180  27.303   4.491  12.268  26.401   2.876  -0.211   0.903   0.375  -0.695   0.131  -0.707  -0.688  -0.410   0.599  -0.211   0.903   0.375  -0.972  -0.234   0.015   0.101  -0.362   0.927   -2.25735860
   72  GLY  ALA    2.04412450    1.68588354  11.180  27.303   4.491   7.588  28.063   5.180   9.269  27.438   6.373  -0.962   0.203   0.184   0.255   0.910   0.327  -0.101   0.362  -0.927  -0.962   0.203   0.184  -0.249  -0.930  -0.270   0.117  -0.305   0.945    0.06114504
   73  ALA  THR    1.68588354    2.16032610   7.588  28.063   5.180   6.211  24.592   4.229   8.046  25.373   5.003  -0.357  -0.901  -0.247  -0.927   0.309   0.214  -0.117   0.305  -0.945  -0.357  -0.901  -0.247  -0.450  -0.066   0.891  -0.818   0.429  -0.382    2.19867340
   74  THR  TRP    2.16032610    2.34023994   6.211  24.592   4.229   4.032  22.479   6.524   3.867  23.524   4.639  -0.573  -0.555   0.603  -0.047  -0.712  -0.700   0.818  -0.429   0.382  -0.573  -0.555   0.603  -0.213  -0.610  -0.763   0.792  -0.565   0.231    2.93640457
   75  TRP  SER    2.34023994    2.42403791   4.032  22.479   6.524   1.926  19.329   6.032   3.048  20.324   7.577  -0.551  -0.824  -0.129  -0.263   0.025   0.964  -0.792   0.565  -0.231  -0.551  -0.824  -0.129  -0.549   0.242   0.800  -0.629   0.512  -0.586   -2.74496109
   76  SER  ILE    2.42403791    2.22390179   1.926  19.329   6.032  -1.000  17.587   7.650  -0.318  18.229   5.724  -0.776  -0.462   0.429   0.051  -0.724  -0.688   0.629  -0.512   0.586  -0.776  -0.462   0.429   0.076  -0.744  -0.664   0.626  -0.483   0.612   -3.10223659
   77  ILE  SER    2.22390179    2.41983714  -1.000  17.587   7.650  -2.556  14.291   6.642  -1.424  15.112   8.271  -0.411  -0.872  -0.267  -0.662   0.085   0.744  -0.626   0.483  -0.612  -0.411  -0.872  -0.267  -0.632   0.062   0.772  -0.657   0.486  -0.576    3.09418813
   78  SER  TYR    2.41983714    2.20717478  -2.556  14.291   6.642  -5.309  11.967   7.818  -4.892  13.438   6.349  -0.726  -0.613   0.310   0.203  -0.622  -0.756   0.657  -0.486   0.576  -0.726  -0.613   0.310   0.323  -0.703  -0.634   0.607  -0.360   0.708   -2.95203670
   79  TYR  GLY    2.20717478    2.37712796  -5.309  11.967   7.818  -5.960   8.452   6.588  -5.753   9.573   8.433  -0.172  -0.930  -0.325  -0.776  -0.075   0.626  -0.607   0.360  -0.708  -0.172  -0.930  -0.325  -0.977   0.120   0.174  -0.123   0.348  -0.929   -2.60297923
   80  GLY  ASP    2.37712796    1.63178156  -5.960   8.452   6.588  -8.959   6.250   6.160  -7.016   6.632   5.381  -0.801  -0.588  -0.114   0.586  -0.730  -0.351   0.123  -0.348   0.929  -0.801  -0.588  -0.114   0.172  -0.408   0.897  -0.574   0.698   0.428   -1.65480846
   81  ASP  GLY    1.63178156    1.59463789  -8.959   6.250   6.160  -8.494   4.568   9.531  -7.472   5.008   7.710   0.123  -0.443   0.888  -0.810  -0.562  -0.169   0.574  -0.698  -0.428   0.123  -0.443   0.888  -0.058   0.890   0.452  -0.991  -0.107   0.083    1.01238499
   82  GLY  SER    1.59463789    1.66857499  -8.494   4.568   9.531  -8.704   7.943  11.347  -8.471   7.224   9.313  -0.055   0.879   0.473   0.124  -0.464   0.877   0.991   0.107  -0.083  -0.055   0.879   0.473   0.991  -0.008   0.130   0.118   0.476  -0.871   -1.81401445
   83  SER  SER    1.66857499    2.12173145  -8.704   7.943  11.347  -4.957   8.239  12.018  -6.220   7.087  10.729   0.981   0.078   0.176  -0.151   0.876   0.458  -0.118  -0.476   0.871   0.981   0.078   0.176  -0.018   0.948  -0.319  -0.191   0.310   0.931    2.32755633
   84  SER  SER    2.12173145    2.56259675  -4.957   8.239  12.018  -3.093  11.409  11.346  -2.982   9.790  12.763   0.499   0.848  -0.180   0.845  -0.430   0.317   0.191  -0.310  -0.931   0.499   0.848  -0.180   0.825  -0.401   0.399   0.266  -0.347  -0.899    3.05206667
   85  SER  SER    2.56259675    2.41654376  -3.093  11.409  11.346   0.192  13.264  11.602  -1.475  13.024  10.229   0.869   0.491   0.068  -0.418   0.799  -0.432  -0.266   0.347   0.899   0.869   0.491   0.068  -0.420   0.803  -0.423  -0.262   0.339   0.903   -3.13181134
   86  SER  GLY    2.41654376    2.45477729   0.192  13.264  11.602   1.615  16.709  10.721   1.918  15.103  12.131   0.372   0.899  -0.230   0.891  -0.275   0.362   0.262  -0.339  -0.903   0.372   0.899  -0.230   0.898  -0.285   0.334   0.235  -0.331  -0.914   -3.11148554
   87  GLY  ASP    2.45477729    2.47835279   1.615  16.709  10.721   4.879  18.669  10.851   3.193  18.446   9.495   0.857   0.515   0.034  -0.459   0.791  -0.404  -0.235   0.331   0.914   0.857   0.515   0.034  -0.039   0.131  -0.991  -0.514   0.847   0.132    2.11967083
   88  ASP  VAL    2.47835279    2.36950522   4.879  18.669  10.851   7.363  20.522   8.627   7.286  19.012  10.146   0.651   0.486  -0.583   0.558   0.214   0.802   0.514  -0.847  -0.132   0.651   0.486  -0.583   0.141  -0.832  -0.536  -0.746   0.267  -0.610   -1.01323484
   89  VAL  TYR    2.36950522    2.45869681   7.363  20.522   8.627   9.500  19.642   5.632   9.311  21.327   6.935   0.565  -0.233  -0.792   0.353   0.935  -0.023   0.746  -0.267   0.610   0.565  -0.233  -0.792   0.818   0.033   0.574  -0.107  -0.972   0.209   -1.88304388
   90  TYR  THR    2.45869681    2.27022151   9.500  19.642   5.632  13.122  19.037   4.676  11.312  17.973   5.187   0.955  -0.159  -0.252  -0.278  -0.173  -0.945   0.107   0.972  -0.209   0.955  -0.159  -0.252  -0.282  -0.206  -0.937   0.097   0.965  -0.242    3.10670525
   92  ASP  THR    2.03737246    2.50714918  14.625  18.055   1.363  17.306  15.378   1.434  15.358  15.701   0.585   0.708  -0.706   0.019   0.090   0.064  -0.994   0.701   0.705   0.109   0.708  -0.706   0.019  -0.288  -0.312  -0.905   0.645   0.635  -0.424    2.59419853
   93  THR  VAL    2.50714918    1.94638655  17.306  15.378   1.434  18.821  12.517  -0.545  19.360  13.829   1.119   0.399  -0.754  -0.522   0.651  -0.167   0.740  -0.645  -0.635   0.424   0.399  -0.754  -0.522  -0.764  -0.588   0.266  -0.507   0.292  -0.811   -1.36706313
   94  VAL  SER    1.94638655    2.16694752  18.821  12.517  -0.545  16.696   9.414  -0.335  17.293  10.887  -1.800  -0.564  -0.824   0.056   0.652  -0.486  -0.583   0.507  -0.292   0.811  -0.564  -0.824   0.056   0.714  -0.521  -0.468   0.414  -0.224   0.882   -3.00599442
   95  SER  VAL    2.16694752    2.24289305  16.696   9.414  -0.335  17.740   6.013  -1.689  17.488   7.065   0.177   0.274  -0.893  -0.356  -0.868  -0.389   0.309  -0.414   0.224  -0.882   0.274  -0.893  -0.356  -0.934  -0.335   0.122  -0.229   0.299  -0.927   -2.93635213
   96  VAL  GLY    2.24289305    2.06386688  17.740   6.013  -1.689  15.609   2.898  -2.167  16.386   4.590  -3.221  -0.560  -0.819  -0.126   0.796  -0.490  -0.355   0.229  -0.299   0.927  -0.560  -0.819  -0.126   0.821  -0.528  -0.220   0.114  -0.226   0.967   -2.99951238
   97  GLY  GLY    2.06386688    1.61318896  15.609   2.898  -2.167  17.316  -0.281  -3.111  16.961   0.932  -1.377   0.458  -0.852  -0.253  -0.882  -0.472  -0.007  -0.114   0.226  -0.967   0.458  -0.852  -0.253   0.758   0.523  -0.389   0.464  -0.014   0.886   -0.42103277
   98  GLY  LEU    1.61318896    1.66553200  17.316  -0.281  -3.111  20.271   1.568  -4.631  18.959   1.520  -2.944   0.777   0.486  -0.400   0.425  -0.874  -0.236  -0.464   0.014  -0.886   0.777   0.486  -0.400  -0.629   0.626  -0.462   0.026   0.610   0.792   -0.78852319
   99  LEU  THR    1.66553200    1.89357006  20.271   1.568  -4.631  18.151   4.134  -6.539  17.892   2.496  -5.171  -0.553   0.669  -0.497   0.833   0.425  -0.354  -0.026  -0.610  -0.792  -0.553   0.669  -0.497   0.409   0.737   0.538   0.726   0.094  -0.681    2.05275515
  100  THR  VAL    1.89357006    2.23090142  18.151   4.134  -6.539  18.964   7.622  -5.192  19.303   6.445  -6.983   0.212   0.912   0.352  -0.654   0.400  -0.642  -0.726  -0.094   0.681   0.212   0.912   0.352  -0.850   0.350  -0.393  -0.482  -0.216   0.849   -2.81922983
  101  VAL  THR    2.23090142    2.09839239  18.964   7.622  -5.192  16.955  10.723  -5.544  17.361   9.132  -4.170  -0.541   0.835  -0.095   0.689   0.505   0.519   0.482   0.216  -0.849  -0.541   0.835  -0.095   0.761   0.535   0.367   0.358   0.127  -0.925   -2.97086907
  102  THR  GLY    2.09839239    2.11677273  16.955  10.723  -5.544  18.411  14.061  -4.524  18.191  12.961  -6.369   0.385   0.883   0.270  -0.851   0.453  -0.267  -0.358  -0.127   0.925   0.385   0.883   0.270  -0.915   0.326   0.238   0.122  -0.338   0.933   -2.61083094
  103  GLY  GLN    2.11677273    1.65967949  18.411  14.061  -4.524  16.177  16.891  -3.205  17.998  15.838  -2.836  -0.582   0.737   0.344   0.804   0.585   0.107  -0.122   0.338  -0.933  -0.582   0.737   0.344  -0.703  -0.668   0.242   0.408  -0.101   0.907    0.37491968
  104  GLN  ALA    1.65967949    1.97674817  16.177  16.891  -3.205  13.290  14.588  -2.162  15.460  14.663  -2.195  -0.752  -0.600   0.272  -0.517   0.794   0.321  -0.408   0.101  -0.907  -0.752  -0.600   0.272  -0.367   0.724   0.584  -0.547   0.340  -0.765    2.82916155
  105  ALA  VAL    1.97674817    1.90101963  13.290  14.588  -2.162  10.876  16.219   0.290  10.821  15.537  -1.764  -0.634   0.428   0.644  -0.546  -0.837   0.019   0.547  -0.340   0.765  -0.634   0.428   0.644   0.271  -0.657   0.704   0.724   0.621   0.300   -1.99919685
  106  VAL  GLU    1.90101963    1.92785143  10.876  16.219   0.290  11.068  14.392   3.601  11.915  15.989   2.460   0.051  -0.483   0.874  -0.688   0.618   0.381  -0.724  -0.621  -0.300   0.051  -0.483   0.874  -0.850   0.439   0.292  -0.525  -0.758  -0.388   -2.88368490
  107  GLU  SER    1.92785143    1.91725884  11.068  14.392   3.601   8.174  15.296   5.754   8.714  13.820   4.320  -0.778   0.243   0.579   0.344  -0.606   0.717   0.525   0.758   0.388  -0.778   0.243   0.579   0.589  -0.035   0.807   0.216   0.969  -0.116   -2.50326327
  108  SER  ALA    1.91725884    1.98675180   8.174  15.296   5.754   9.278  15.485   9.390   8.972  16.747   7.680   0.290   0.050   0.956  -0.932   0.241   0.271  -0.216  -0.969   0.116   0.290   0.050   0.956  -0.917  -0.272   0.293   0.274  -0.961  -0.033   -2.62273089
  109  ALA  LYS    1.98675180    2.01937911   9.278  15.485   9.390   6.485  14.600  11.921   8.207  13.743  10.967  -0.721  -0.229   0.654   0.636   0.155   0.756  -0.274   0.961   0.033  -0.721  -0.229   0.654   0.231   0.811   0.538  -0.653   0.539  -0.532   -2.31790012
  110  LYS  LYS    2.01937911    1.56334344   6.485  14.600  11.921   6.089  16.984  14.823   5.308  16.752  12.815  -0.105   0.631   0.768  -0.750  -0.558   0.356   0.653  -0.539   0.532  -0.105   0.631   0.768  -0.789  -0.523   0.322   0.605  -0.573   0.553    3.07967094
  111  LYS  VAL    1.56334344    2.35634906   6.089  16.984  14.823   3.051  14.950  16.042   3.898  15.754  14.248  -0.788  -0.528   0.316  -0.111   0.627   0.771  -0.605   0.573  -0.553  -0.788  -0.528   0.316   0.247  -0.742  -0.623   0.564  -0.413   0.715    0.23158572
  112  VAL  SER    2.35634906    2.30450478   3.051  14.950  16.042   1.591  11.528  15.215   2.324  12.660  16.873  -0.383  -0.898  -0.217  -0.732   0.152   0.664  -0.564   0.413  -0.715  -0.383  -0.898  -0.217  -0.800   0.205   0.565  -0.463   0.390  -0.796   -3.00972210
  113  SER  SER    2.30450478    2.18150178   1.591  11.528  15.215  -1.608   9.838  16.246  -0.483  10.286  14.476  -0.850  -0.449   0.274   0.251  -0.804  -0.539   0.463  -0.390   0.796  -0.850  -0.449   0.274   0.514  -0.595   0.618  -0.115   0.667   0.736   -1.84782559
  114  SER  SER    2.18150178    1.63796176  -1.608   9.838  16.246  -1.863   6.999  18.776  -2.817   8.757  18.011  -0.067  -0.745   0.664  -0.991  -0.027  -0.130   0.115  -0.667  -0.736  -0.067  -0.745   0.664  -0.033  -0.663  -0.748   0.997  -0.072   0.020   -1.71914201
  115  SER  PHE    1.63796176    1.62038156  -1.863   6.999  18.776  -2.003   4.331  16.147  -2.990   6.193  16.472  -0.037  -0.712  -0.701  -0.065  -0.699   0.712  -0.997   0.072  -0.020  -0.037  -0.712  -0.701   0.898   0.283  -0.335   0.437  -0.643   0.629    1.05300653
  116  PHE  THR    1.62038156    1.63011944  -2.003   4.331  16.147   1.402   5.273  14.741  -0.486   6.186  15.161   0.895   0.248  -0.370  -0.082  -0.725  -0.684  -0.437   0.643  -0.629   0.895   0.248  -0.370   0.366   0.062   0.928   0.253  -0.967  -0.035    0.78126646
  117  THR  GLU    1.63011944    1.53585426   1.402   5.273  14.741   3.011   5.568  18.219   1.235   6.220  17.144   0.419   0.077   0.905   0.872   0.244  -0.424  -0.253   0.967   0.035   0.419   0.077   0.905  -0.310  -0.925   0.222   0.854  -0.373  -0.363    0.94018467
  118  GLU  ASP    1.53585426    1.62976361   3.011   5.568  18.219   1.748   1.960  18.959   1.030   3.846  18.166  -0.324  -0.927   0.190   0.408   0.044   0.912  -0.854   0.373   0.363  -0.324  -0.927   0.190   0.381  -0.312  -0.871   0.866  -0.210   0.454    0.85966531
  119  ASP  SER    1.62976361    1.74508910   1.748   1.960  18.959   3.137   0.552  15.658   2.623   2.494  16.473   0.361  -0.366  -0.858  -0.346  -0.907   0.241  -0.866   0.210  -0.454   0.361  -0.366  -0.858   0.903  -0.094   0.420  -0.234  -0.926   0.296    1.44439576
  120  SER  THR    1.74508910    1.65721449   3.137   0.552  15.658   6.777  -0.045  16.671   4.934  -1.047  16.939   0.952  -0.156   0.265   0.199  -0.344  -0.918   0.234   0.926  -0.296   0.952  -0.156   0.265   0.189  -0.382  -0.905   0.242   0.911  -0.334    3.10003753
  121  THR  ILE    1.65721449    1.73735878   6.777  -0.045  16.671   7.804  -1.542  13.336   5.987  -1.212  14.424   0.270  -0.394  -0.878   0.932  -0.122   0.342  -0.242  -0.911   0.334   0.270  -0.394  -0.878  -0.304   0.831  -0.466   0.914   0.393   0.105    0.99514790
  122  ILE  ASP    1.73735878    2.04943424   7.804  -1.542  13.336   6.824   1.357  11.007   6.518   0.694  13.035  -0.255   0.754  -0.606   0.317  -0.527  -0.789  -0.914  -0.393  -0.105  -0.255   0.754  -0.606   0.796   0.519   0.311   0.549  -0.403  -0.732    1.30147381
  123  ASP  GLY    2.04943424    1.68533464   6.824   1.357  11.007   9.060   4.422  10.996   8.674   2.662   9.855   0.589   0.808  -0.003  -0.593   0.430  -0.681  -0.549   0.403   0.732   0.589   0.808  -0.003  -0.610   0.443  -0.657  -0.530   0.389   0.754   -3.10971648
  124  GLY  LEU    1.68533464    2.46180786   9.060   4.422  10.996   7.016   6.441   8.518   7.116   4.418   9.269  -0.539   0.532  -0.653   0.655   0.752   0.072   0.530  -0.389  -0.754  -0.539   0.532  -0.653  -0.071  -0.801  -0.594  -0.840  -0.274   0.469   -0.80726326
  125  LEU  LEU    2.46180786    2.32873700   7.016   6.441   8.518   5.244   6.098   5.146   6.124   7.586   6.452  -0.463  -0.090  -0.882  -0.284   0.957   0.052   0.840   0.274  -0.469  -0.463  -0.090  -0.882   0.856   0.211  -0.471   0.228  -0.973  -0.021   -1.50545204
  126  LEU  GLY    2.32873700    1.90545227   5.244   6.098   5.146   6.399   6.447   1.535   5.565   5.016   2.897   0.303   0.092  -0.948  -0.925  -0.210  -0.316  -0.228   0.973   0.021   0.303   0.092  -0.948  -0.916   0.304  -0.264   0.264   0.948   0.176   -2.61909418
  127  GLY  LEU    1.90545227    2.03151790   6.399   6.447   1.535   3.503   7.646  -0.586   5.230   8.445   0.404  -0.765   0.317  -0.560   0.587  -0.013  -0.809  -0.264  -0.948  -0.176  -0.765   0.317  -0.560   0.348  -0.529  -0.774  -0.542  -0.787   0.295   -2.56362700
  128  LEU  ALA    2.03151790    1.78641473   3.503   7.646  -0.586   3.393   6.368  -4.202   2.154   6.199  -2.420  -0.029  -0.333  -0.942  -0.840   0.519  -0.158   0.542   0.787  -0.295  -0.029  -0.333  -0.942  -0.896   0.427  -0.124   0.443   0.841  -0.311    3.02823375
  129  ALA  PHE    1.78641473    2.08272687   3.393   6.368  -4.202  -0.066   7.724  -5.467   0.986   7.343  -3.632  -0.881   0.345  -0.322   0.164  -0.417  -0.894  -0.443  -0.841   0.311  -0.881   0.345  -0.322   0.469   0.722  -0.509   0.057  -0.599  -0.798    1.80359806
  130  PHE  SER    2.08272687    2.04247028  -0.066   7.724  -5.467  -0.153  10.770  -7.760  -1.522   9.355  -6.873  -0.023   0.799  -0.601  -0.998  -0.052  -0.032  -0.057   0.599   0.798  -0.023   0.799  -0.601   0.502   0.529   0.684   0.865  -0.286  -0.413   -0.98818557
  131  SER  THR    2.04247028    1.60424310  -0.153  10.770  -7.760   1.486  13.904  -6.497   1.418  12.799  -8.377   0.436   0.835   0.336  -0.248   0.471  -0.847  -0.865   0.286   0.413   0.436   0.835   0.336  -0.878   0.477  -0.045  -0.198  -0.276   0.941   -2.07168800
  132  THR  LEU    1.60424310    1.52776682   1.486  13.904  -6.497  -1.810  15.832  -6.624  -0.695  14.525  -7.880  -0.863   0.505  -0.033   0.466   0.818   0.338   0.198   0.276  -0.941  -0.863   0.505  -0.033  -0.271  -0.405   0.873   0.427   0.762   0.486    1.40707891
  133  LEU  ASN    1.52776682    1.62725406  -1.810  15.832  -6.624  -2.712  14.183  -3.248  -1.490  13.776  -4.968  -0.233  -0.427   0.874  -0.874   0.487   0.004  -0.427  -0.762  -0.486  -0.233  -0.427   0.874   0.851   0.346   0.396  -0.471   0.836   0.282    0.96074730
  134  ASN  THR    1.62725406    1.90670543  -2.712  14.183  -3.248   0.541  15.433  -1.517  -0.245  15.318  -3.547   0.836   0.321   0.445  -0.281  -0.446   0.850   0.471  -0.836  -0.282   0.836   0.321   0.445  -0.548   0.452   0.704   0.025  -0.832   0.554    2.15458059
  135  THR  VAL    1.90670543    1.76204355   0.541  15.433  -1.517  -0.379  17.457   1.568   1.077  15.916   1.268  -0.242   0.532   0.811   0.970   0.154   0.188  -0.025   0.832  -0.554  -0.242   0.532   0.811   0.826   0.551  -0.115  -0.509   0.642  -0.573   -2.61583836
  136  VAL  SER    1.76204355    1.99368346  -0.379  17.457   1.568   2.531  19.900   1.724   2.023  18.064   0.746   0.765   0.642   0.041  -0.395   0.418   0.818   0.509  -0.642   0.573   0.765   0.642   0.041  -0.640   0.766  -0.056  -0.067   0.017   0.998    2.12568069
  140  GLN  GLN    2.07978105    2.06952399   3.372  24.178  -2.746   2.812  20.415  -3.032   2.073  22.266  -3.826  -0.147  -0.986  -0.075   0.583  -0.025  -0.812   0.799  -0.163   0.579  -0.147  -0.986  -0.075   0.989  -0.144  -0.047   0.035  -0.081   0.996   -2.23645072
  141  GLN  LYS    2.06952399    2.25141181   2.812  20.415  -3.032   5.847  18.141  -3.324   3.996  18.349  -2.266   0.798  -0.598  -0.077  -0.602  -0.798  -0.044  -0.035   0.081  -0.996   0.798  -0.598  -0.077  -0.432  -0.479  -0.764   0.420   0.643  -0.640   -2.31183742
  142  LYS  THR    2.25141181    2.11467346   5.847  18.141  -3.324   6.478  15.301  -5.762   7.528  16.977  -4.870   0.166  -0.748  -0.642   0.892  -0.163   0.421  -0.420  -0.643   0.640   0.166  -0.748  -0.642  -0.086  -0.660   0.746  -0.982  -0.069  -0.174   -1.92364171
  143  THR  PHE    2.11467346    2.10149367   6.478  15.301  -5.762   6.525  11.697  -4.602   5.565  12.928  -6.073   0.012  -0.952   0.306   0.187  -0.299  -0.936   0.982   0.069   0.174   0.012  -0.952   0.306   0.977  -0.054  -0.207   0.213   0.302   0.929   -1.97382960
  144  PHE  PHE    2.10149367    1.54021845   6.525  11.697  -4.602   9.787   9.667  -4.692   7.900   9.775  -3.613   0.849  -0.528  -0.023  -0.484  -0.794   0.369  -0.213  -0.302  -0.929   0.849  -0.528  -0.023  -0.313  -0.467  -0.827   0.426   0.709  -0.562   -1.78934981
  145  PHE  ASP    1.54021845    1.63672250   9.787   9.667  -4.692   8.486   7.939  -7.861   7.789   8.364  -5.866  -0.339  -0.450  -0.826   0.839  -0.542  -0.049  -0.426  -0.709   0.562  -0.339  -0.450  -0.826  -0.147   0.893  -0.426   0.929  -0.023  -0.369    0.94360402
  146  ASP  ASN    1.63672250    1.59006161   8.486   7.939  -7.861   7.835  11.247  -9.704   7.355  10.319  -7.814  -0.169   0.861  -0.480  -0.329  -0.508  -0.796  -0.929   0.023   0.369  -0.169   0.861  -0.480   0.914   0.320   0.251   0.370  -0.396  -0.841    0.84650595
  147  ASN  ALA    1.59006161    1.61662905   7.835  11.247  -9.704  11.238  12.504  -8.800   9.620  11.551  -7.794   0.910   0.336   0.242  -0.187   0.855  -0.484  -0.370   0.396   0.841   0.910   0.336   0.242   0.401  -0.862  -0.311   0.104   0.380  -0.919    0.84848789
  148  ALA  LYS    1.61662905    1.69469801  11.238  12.504  -8.800  12.917   9.293  -9.936  11.107   9.943  -8.975   0.442  -0.846  -0.299   0.891   0.375   0.256  -0.104  -0.380   0.919   0.442  -0.846  -0.299  -0.513   0.035  -0.858   0.736   0.533  -0.418    0.84601034
  149  LYS  ALA    1.69469801    1.65267431  12.917   9.293  -9.936  11.190   9.029 -13.313  10.901  10.116 -11.468  -0.454  -0.069  -0.888   0.502  -0.843  -0.191  -0.736  -0.533   0.418  -0.454  -0.069  -0.888   0.711   0.573  -0.408   0.537  -0.817  -0.211    1.52251018
  150  ALA  SER    1.65267431    1.58019322  11.190   9.029 -13.313  13.809  11.234 -15.184  12.521  11.342 -13.444   0.671   0.565  -0.480  -0.511  -0.116  -0.852  -0.537   0.817   0.211   0.671   0.565  -0.480   0.723  -0.643   0.254  -0.165  -0.517  -0.840    1.03480220
  151  SER  LEU    1.58019322    1.74508384  13.809  11.234 -15.184  16.628   8.768 -14.220  14.978   9.834 -13.397   0.729  -0.638   0.249   0.664   0.571  -0.482   0.165   0.517   0.840   0.729  -0.638   0.249  -0.642  -0.763  -0.073   0.236  -0.107  -0.966    0.59598455
  152  LEU  ASP    1.74508384    2.04838193  16.628   8.768 -14.220  14.664   5.425 -14.330  14.279   7.542 -14.070  -0.506  -0.862  -0.028   0.829  -0.496   0.258  -0.236   0.107   0.966  -0.506  -0.862  -0.028   0.478  -0.253  -0.841   0.718  -0.440   0.540    1.88007390
  153  ASP  SER    2.04838193    1.49494964  14.664   5.425 -14.330  15.396   3.052 -17.236  15.461   3.107 -15.095   0.191  -0.621  -0.760  -0.669  -0.649   0.362  -0.718   0.440  -0.540   0.191  -0.621  -0.760  -0.981  -0.116  -0.153   0.007   0.775  -0.631   -2.31391674
  154  SER  PRO    1.49494964    2.21462091  15.396   3.052 -17.236  11.594   2.791 -17.599  13.192   2.786 -16.153  -0.993  -0.068  -0.095   0.117  -0.628  -0.770  -0.007  -0.775   0.631  -0.993  -0.068  -0.095  -0.114   0.738   0.665   0.025   0.672  -0.741    0.15184470
  156  VAL  PHE    1.63709171    2.50418972   8.929   4.920 -15.757   7.609   2.028 -13.804   9.425   3.110 -14.020  -0.354  -0.775   0.523  -0.665   0.602   0.441  -0.657  -0.192  -0.729  -0.354  -0.775   0.523   0.513   0.307   0.801  -0.782   0.552   0.289    1.76893842
  157  PHE  THR    2.50418972    2.21252657   7.609   2.028 -13.804   7.690   0.345 -10.373   6.289   1.090 -11.823   0.021  -0.440   0.898  -0.623  -0.708  -0.333   0.782  -0.552  -0.289   0.021  -0.440   0.898  -0.427  -0.816  -0.390   0.904  -0.375  -0.205   -2.91017521
  158  THR  ALA    2.21252657    2.31217987   7.690   0.345 -10.373   6.456  -3.089  -9.531   8.280  -1.966  -9.342  -0.330  -0.917   0.225   0.273   0.136   0.953  -0.904   0.375   0.205  -0.330  -0.917   0.225  -0.198   0.300   0.933  -0.923   0.263  -0.280   -2.63750307
  159  ALA  ASP    2.31217987    2.07699883   6.456  -3.089  -9.531   5.075  -4.581  -6.382   4.453  -4.286  -8.434  -0.368  -0.398   0.840  -0.109  -0.879  -0.464   0.923  -0.263   0.280  -0.368  -0.398   0.840   0.374  -0.891  -0.258   0.851   0.219   0.477   -2.61004434
  160  ASP  LEU    2.07699883    1.81308971   5.075  -4.581  -6.382   5.639  -8.283  -5.691   6.384  -6.323  -5.148   0.148  -0.972   0.181  -0.503   0.084   0.860  -0.851  -0.219  -0.477   0.148  -0.972   0.181  -0.407   0.107   0.907  -0.901  -0.208  -0.380    3.03149571
